JWN,48.6000,49.7600,48.3700,49.6800,1.69 M,04/26/18,0.9500000000000028,1.9495177508721586
JWN,47.8000,48.8100,47.2800,48.7300,1.37 M,04/25/18,0.8399999999999963,1.7540196283148806
JWN,48.1700,48.8000,47.6200,47.8900,1.48 M,04/24/18,-0.259999999999998,-0.5399792315680125
JWN,46.8200,48.2400,46.7200,48.1500,1.45 M,04/23/18,1.3699999999999974,2.92860196665241
JWN,46.7600,47.8700,46.5300,46.7800,1.33 M,04/20/18,0.060000000000002274,0.12842465753425145
JWN,47.0600,47.1099,45.8100,46.7200,1.65 M,04/19/18,-0.5600000000000023,-1.1844331641286003
JWN,47.3900,48.1200,47.2300,47.2800,1.02 M,04/18/18,0.13000000000000256,0.27571580063627266
JWN,48.2500,48.3400,47.0700,47.1500,1.39 M,04/17/18,-0.7000000000000028,-1.4629049111807793
JWN,47.6600,48.0515,47.0000,47.8500,1.35 M,04/16/18,0.46000000000000085,0.9706689174931438
JWN,48.6400,48.7800,47.1500,47.3900,1.54 M,04/13/18,-0.9799999999999969,-2.026049204052092
JWN,49.0200,49.4200,48.1000,48.3700,1.11 M,04/12/18,-0.6400000000000006,-1.3058559477657632
JWN,49.0400,49.8200,48.8800,49.0100,940279,04/11/18,-0.46000000000000085,-0.9298564786739455
JWN,48.5700,49.6700,48.5400,49.4700,1.49 M,04/10/18,1.4399999999999977,2.998126171143031
JWN,48.3700,48.7300,47.5800,48.0300,1.64 M,04/09/18,0.0,0.0
JWN,49.6500,49.9500,47.6500,48.0300,1.31 M,04/06/18,-2.039999999999999,-4.07429598562013
JWN,49.5500,50.1400,49.1700,50.0700,764123,04/05/18,0.6499999999999986,1.3152569809793577
JWN,47.5900,49.5000,47.5600,49.4200,1.17 M,04/04/18,1.2199999999999989,2.531120331950205
JWN,47.6400,48.2200,47.5200,48.2000,1.12 M,04/03/18,0.6700000000000017,1.4096360193561996
JWN,48.2900,48.9500,46.7100,47.5300,2.28 M,04/02/18,-0.8799999999999955,-1.8178062383804907
JWN,48.1100,48.9800,47.9400,48.4100,1.16 M,03/29/18,0.509999999999998,1.0647181628392444
JWN,47.4100,49.1100,47.2700,47.9000,1.17 M,03/28/18,0.5300000000000011,1.1188515938357635
JWN,47.0800,48.4700,46.9100,47.3700,1.87 M,03/27/18,0.23999999999999488,0.5092297899427007
JWN,46.8900,47.4800,46.6435,47.1300,1.41 M,03/26/18,0.7700000000000031,1.6609145815358135
JWN,46.9900,47.5600,46.2500,46.3600,1.90 M,03/23/18,-0.509999999999998,-1.088116065713672
JWN,47.3600,48.1200,46.8300,46.8700,1.36 M,03/22/18,-0.8300000000000054,-1.7400419287211852
JWN,48.2000,48.4000,47.3200,47.7000,3.54 M,03/21/18,-1.6499999999999986,-3.343465045592702
JWN,49.5900,49.6800,48.8400,49.3500,1.15 M,03/20/18,-0.00999999999999801,-0.02025931928686793
JWN,49.3400,49.7700,49.0000,49.3600,1.07 M,03/19/18,0.03999999999999915,0.08110300081102828
JWN,48.8100,49.8400,48.7700,49.3200,1.96 M,03/16/18,0.3999999999999986,0.8176614881439055
JWN,49.4600,49.5600,48.7250,48.9200,2.32 M,03/15/18,-0.5599999999999952,-1.1317704122877834
JWN,50.3500,50.6100,49.3500,49.4800,1.41 M,03/14/18,-0.8500000000000014,-1.688853566461358
JWN,50.0000,50.9700,49.8900,50.3300,1.20 M,03/13/18,0.4799999999999969,0.9628886659979877
JWN,49.9100,50.3100,49.3800,49.8500,1.40 M,03/12/18,-0.14000000000000057,-0.28005601120224155
JWN,50.4300,50.7590,49.3800,49.9900,2.15 M,03/09/18,-0.14000000000000057,-0.2792738878914833
JWN,51.4200,51.5200,49.9500,50.1300,2.46 M,03/08/18,-0.9199999999999946,-1.8021547502448476
JWN,52.1900,52.3300,50.6400,51.0500,2.27 M,03/07/18,-1.4400000000000048,-2.743379691369794
JWN,50.9900,52.5100,50.8100,52.4900,3.29 M,03/06/18,0.5900000000000034,1.1368015414258255
JWN,52.9000,53.1800,51.7400,51.9000,2.99 M,03/05/18,-1.1400000000000006,-2.149321266968327
JWN,47.8500,53.2300,47.4600,53.0400,4.99 M,03/02/18,2.5600000000000023,5.071315372424728
JWN,50.6500,50.8700,49.1500,50.4800,3.41 M,03/01/18,-0.8300000000000054,-1.6176183979731151
JWN,51.5100,51.9500,50.8900,51.3100,2.17 M,02/28/18,0.28000000000000114,0.5486968449931435
JWN,53.1400,53.5300,51.0100,51.0300,2.77 M,02/27/18,-1.3699999999999974,-2.614503816793888
JWN,53.6300,53.8000,52.2100,52.4000,2.24 M,02/26/18,-1.1600000000000037,-2.1657953696788717
JWN,50.6900,54.0000,50.2300,53.5600,7.13 M,02/23/18,3.289999999999999,6.544658842251837
JWN,50.1600,50.7368,50.0000,50.2700,1.01 M,02/22/18,0.21000000000000085,0.4194966040751116
JWN,50.5200,51.1000,50.0400,50.0600,1.13 M,02/21/18,-0.4299999999999997,-0.8516537928302628
JWN,50.9700,51.4300,50.1500,50.4900,1.34 M,02/20/18,-1.009999999999998,-1.9611650485436856
JWN,51.1300,51.8000,50.9000,51.5000,1.35 M,02/16/18,0.259999999999998,0.5074160811865691
JWN,50.7600,51.6000,50.3000,51.2400,1.33 M,02/15/18,0.8800000000000026,1.7474185861795126
JWN,48.8700,50.6700,48.4900,50.3600,1.49 M,02/14/18,1.1899999999999977,2.4201749033963753
JWN,48.3000,49.2300,48.1800,49.1700,1.00 M,02/13/18,0.8000000000000043,1.6539177175935587
JWN,48.1800,48.7600,47.6700,48.3700,910082,02/12/18,0.4799999999999969,1.002296930465644
JWN,47.6700,48.6100,46.2000,47.8900,2.08 M,02/09/18,0.6600000000000037,1.39741689604066
JWN,48.8900,49.0800,47.2000,47.2300,1.79 M,02/08/18,-2.0700000000000003,-4.198782961460447
JWN,49.3500,50.1500,48.5000,49.3000,2.22 M,02/07/18,1.0399999999999991,2.154993783671776
JWN,47.0600,48.7500,46.1000,48.2600,2.46 M,02/06/18,1.6199999999999974,3.473413379073751
JWN,47.5800,48.4900,46.5100,46.6400,2.62 M,02/05/18,-1.2100000000000009,-2.52873563218391
JWN,48.8200,49.4100,47.5300,47.8500,1.84 M,02/02/18,-1.3799999999999955,-2.803168799512483
JWN,48.9000,51.0000,48.4000,49.2300,1.45 M,02/01/18,-0.0800000000000054,-0.16223889677551287
JWN,49.6100,50.1500,49.0700,49.3100,1.36 M,01/31/18,-0.09999999999999432,-0.20238818053024554
JWN,50.6000,50.8100,49.0500,49.4100,1.61 M,01/30/18,-1.480000000000004,-2.9082334446846216
JWN,50.2500,51.2500,50.2500,50.8900,1.30 M,01/29/18,0.490000000000002,0.9722222222222262
JWN,49.5400,50.4000,49.0500,50.4000,2.42 M,01/26/18,0.8999999999999986,1.8181818181818152
JWN,50.9100,51.0000,49.3800,49.5000,1.95 M,01/25/18,-1.1199999999999974,-2.2125642038719824
JWN,51.9200,52.2400,50.1300,50.6200,2.56 M,01/24/18,-1.3800000000000026,-2.6538461538461586
JWN,51.8200,52.4924,51.4100,52.0000,1.18 M,01/23/18,-0.8200000000000003,-1.5524422567209395
JWN,52.0000,52.8300,51.5100,52.8200,1.10 M,01/22/18,0.8200000000000003,1.5769230769230775
JWN,51.4200,52.1000,51.0600,52.0000,1.50 M,01/19/18,0.7800000000000011,1.522842639593911
JWN,50.8400,51.4000,50.6900,51.2200,884781,01/18/18,0.25,0.4904845987835982
JWN,50.5200,51.1600,50.1300,50.9700,1.22 M,01/17/18,0.7899999999999991,1.5743324033479458
JWN,51.8500,51.9700,50.0400,50.1800,1.97 M,01/16/18,-1.6400000000000006,-3.1648012350443855
JWN,50.3800,53.0000,50.2950,51.8200,5.20 M,01/12/18,1.7299999999999969,3.45378319025753
JWN,49.3600,50.1100,48.7100,50.0900,2.01 M,01/11/18,0.8900000000000006,1.8089430894308953
JWN,47.6400,49.5000,47.5500,49.2000,3.10 M,01/10/18,1.3100000000000023,2.735435372729176
JWN,48.2400,48.2400,47.4450,47.8900,1.71 M,01/09/18,-0.38000000000000256,-0.7872384503832661
JWN,48.5600,49.2400,47.5500,48.2700,1.78 M,01/08/18,0.020000000000003126,0.04145077720207902
JWN,48.2200,48.6500,47.9000,48.2500,1.35 M,01/05/18,0.18999999999999773,0.39533915938409847
JWN,48.3800,48.6250,46.3000,48.0600,2.35 M,01/04/18,-0.5899999999999963,-1.2127440904419247
JWN,49.3000,49.7000,48.5300,48.6500,2.14 M,01/03/18,-0.46999999999999886,-0.9568403908794766
JWN,48.7600,49.8600,48.5100,49.1200,3.56 M,01/02/18,1.7399999999999949,3.67243562684676
JWN,47.7800,48.0700,47.2800,47.3800,1.15 M,12/29/17,-0.3299999999999983,-0.6916788933137671
JWN,47.9200,47.9200,47.1900,47.7100,1.27 M,12/28/17,-0.21999999999999886,-0.45900271228875206
JWN,48.2400,48.4900,47.6900,47.9300,2.06 M,12/27/17,-0.5399999999999991,-1.1140911904270665
JWN,47.6000,49.0900,47.5920,48.4700,1.59 M,12/26/17,0.9299999999999997,1.956247370635254
JWN,47.5200,47.7500,47.2700,47.5400,1.72 M,12/22/17,0.03999999999999915,0.08421052631578768
JWN,46.8400,47.6800,46.7500,47.5000,1.23 M,12/21/17,0.6599999999999966,1.4090520922288567
JWN,46.8100,47.1300,46.3100,46.8400,1.82 M,12/20/17,0.3300000000000054,0.7095248333691796
JWN,46.8100,46.9900,45.9900,46.5100,1.32 M,12/19/17,-0.12000000000000455,-0.25734505683037645
JWN,45.7400,46.8200,45.6201,46.6300,1.74 M,12/18/17,1.1400000000000006,2.506045284677952
JWN,45.3200,46.0399,45.1600,45.4900,2.85 M,12/15/17,0.5300000000000011,1.1788256227758032
JWN,46.2500,46.8400,44.8600,44.9600,1.72 M,12/14/17,-1.3100000000000023,-2.8312081262156954
JWN,45.8900,46.4900,45.5600,46.2700,1.38 M,12/13/17,0.5300000000000011,1.1587232181897706
JWN,45.0800,46.3900,45.0800,45.7400,1.65 M,12/12/17,-0.10000000000000142,-0.21815008726003798
JWN,45.9600,46.1100,45.3700,45.8400,1.68 M,12/11/17,0.060000000000002274,0.13106159895151218
JWN,45.0200,45.8300,44.6800,45.7800,1.48 M,12/08/17,0.8000000000000043,1.7785682525567015
JWN,45.8100,46.0100,44.6900,44.9800,2.12 M,12/07/17,-0.3400000000000034,-0.750220653133282
JWN,46.2000,46.5500,45.1100,45.3200,2.35 M,12/06/17,-0.8299999999999983,-1.7984832069339076
JWN,47.1900,47.1900,45.6200,46.1500,2.11 M,12/05/17,-1.1099999999999994,-2.3487092678798125
JWN,46.1400,47.8500,46.1300,47.2600,3.98 M,12/04/17,1.759999999999998,3.8681318681318637
JWN,45.3800,45.9400,44.4000,45.5000,2.45 M,12/01/17,0.04999999999999716,0.11001100110010376
JWN,45.6100,46.9600,45.1510,45.4500,4.56 M,11/30/17,-0.30999999999999517,-0.677447552447542
JWN,42.8700,46.3500,42.7800,45.7600,7.68 M,11/29/17,3.0899999999999963,7.241621748300906
JWN,41.3900,42.7200,41.1100,42.6700,2.10 M,11/28/17,1.3299999999999983,3.217223028543779
JWN,41.0800,41.8999,40.6100,41.3400,2.86 M,11/27/17,0.38000000000000256,0.9277343750000062
JWN,41.2300,41.4800,40.7100,40.9600,974197,11/24/17,-0.19999999999999574,-0.485908649173945
JWN,41.2700,41.8800,41.0450,41.1600,1.61 M,11/22/17,-0.14000000000000057,-0.338983050847459
JWN,41.3700,41.4600,40.4100,41.3000,1.46 M,11/21/17,-0.14000000000000057,-0.3378378378378392
JWN,40.9100,41.4650,40.3700,41.4400,1.90 M,11/20/17,0.5799999999999983,1.4194811551639703
JWN,40.8600,41.2200,40.3200,40.8600,2.35 M,11/17/17,0.8900000000000006,2.2266700025018777
JWN,39.5600,40.5000,39.0300,39.9700,2.03 M,11/16/17,0.7800000000000011,1.990303648890026
JWN,38.8000,39.7700,38.5600,39.1900,2.16 M,11/15/17,0.030000000000001137,0.07660878447395593
JWN,38.4200,39.3700,38.4200,39.1600,1.97 M,11/14/17,0.4399999999999977,1.1363636363636305
JWN,39.7100,40.1900,38.4700,38.7200,2.87 M,11/13/17,-1.3100000000000023,-3.2725455908069003
JWN,39.4100,40.5000,38.4000,40.0300,7.11 M,11/10/17,0.0,0.0
JWN,38.8500,40.8000,38.3900,40.0300,6.86 M,11/09/17,1.730000000000004,4.5169712793733785
JWN,38.1300,38.6600,37.7924,38.3000,1.87 M,11/08/17,-0.010000000000005116,-0.026102845210141258
JWN,39.1200,39.1600,38.1400,38.3100,2.36 M,11/07/17,-0.9499999999999957,-2.4197656647987666
JWN,38.5000,39.3600,38.1600,39.2600,2.70 M,11/06/17,0.759999999999998,1.974025974025969
JWN,39.2000,39.4050,38.4300,38.5000,1.64 M,11/03/17,-0.8500000000000014,-2.160101651842443
JWN,40.1000,40.4200,39.2800,39.3500,1.89 M,11/02/17,-0.5899999999999963,-1.4772158237355943
JWN,39.7700,40.5000,39.5700,39.9400,1.89 M,11/01/17,0.28999999999999915,0.7313997477931883
JWN,39.9500,40.2400,39.3600,39.6500,2.14 M,10/31/17,-0.3500000000000014,-0.8750000000000036
JWN,40.7500,40.8800,39.6600,40.0000,3.01 M,10/30/17,-0.9699999999999989,-2.367586038564801
JWN,41.3700,41.5700,40.6200,40.9700,2.33 M,10/27/17,-1.240000000000002,-2.9376924899313006
JWN,41.6700,42.6900,41.3500,42.2100,2.79 M,10/26/17,0.6899999999999977,1.6618497109826533
JWN,41.6000,41.6700,41.0500,41.5200,2.21 M,10/25/17,-0.0899999999999963,-0.21629416005766958
JWN,41.8400,42.0900,41.4600,41.6100,1.46 M,10/24/17,-0.1600000000000037,-0.38305003591094966
JWN,42.1500,42.5600,41.7400,41.7700,1.35 M,10/23/17,-0.37999999999999545,-0.9015421115065135
JWN,41.9900,42.1900,41.6950,42.1500,1.78 M,10/20/17,0.4200000000000017,1.0064701653486743
JWN,41.7600,42.2500,41.5700,41.7300,1.12 M,10/19/17,-0.28000000000000114,-0.6665079742918381
JWN,41.4500,42.5000,41.3800,42.0100,3.96 M,10/18/17,0.5599999999999952,1.351025331724958
JWN,40.3400,41.4700,40.0958,41.4500,3.99 M,10/17/17,1.0500000000000043,2.5990099009901098
JWN,40.5400,41.4000,39.6300,40.4000,10.61 M,10/16/17,-2.25,-5.275498241500586
JWN,42.4800,42.8800,42.1700,42.6500,1.42 M,10/13/17,0.05999999999999517,0.14087814040853525
JWN,42.7100,42.8000,42.1200,42.5900,2.94 M,10/12/17,-0.3299999999999983,-0.7688723205964545
JWN,43.4000,43.5100,42.7000,42.9200,2.26 M,10/11/17,-0.46000000000000085,-1.0603964960811454
JWN,43.5900,43.9700,43.2300,43.3800,1.32 M,10/10/17,-0.1599999999999966,-0.3674781809829963
JWN,44.4400,44.6700,43.2210,43.5400,1.27 M,10/09/17,-0.7700000000000031,-1.7377567140600385
JWN,44.6300,44.9300,44.1500,44.3100,1.39 M,10/06/17,-0.4899999999999949,-1.0937499999999887
JWN,44.2600,44.9700,43.9000,44.8000,2.17 M,10/05/17,0.5499999999999972,1.2429378531073383
JWN,44.3490,44.4490,43.8000,44.2500,3.49 M,10/04/17,0.04999999999999716,0.11312217194569492
JWN,44.0000,44.3100,43.3000,44.2000,4.01 M,10/03/17,0.020000000000003126,0.045269352648264205
JWN,45.0400,45.0400,43.5000,44.1800,7.69 M,10/02/17,-2.969999999999999,-6.299045599151642
JWN,47.5300,47.6000,47.0500,47.1500,1.46 M,09/29/17,-0.25,-0.5274261603375527
JWN,47.5100,47.7200,47.1800,47.4000,1.66 M,09/28/17,-0.03999999999999915,-0.08431703204047038
JWN,47.5500,47.8100,46.9432,47.4400,1.34 M,09/27/17,-0.09000000000000341,-0.189354092152332
JWN,47.4600,47.7100,47.0500,47.5300,1.60 M,09/26/17,0.21000000000000085,0.44378698224852253
JWN,46.6800,47.7600,46.5700,47.3200,1.55 M,09/25/17,0.4399999999999977,0.938566552901019
JWN,46.4200,46.9350,46.3200,46.8800,1.55 M,09/22/17,0.6000000000000014,1.296456352636131
JWN,46.3000,46.4600,45.8600,46.2800,1.11 M,09/21/17,0.060000000000002274,0.1298139333621858
JWN,46.1000,46.2800,45.8300,46.2200,1.49 M,09/20/17,0.0,0.0
JWN,46.8500,47.0800,46.2100,46.2200,1.80 M,09/19/17,-0.4200000000000017,-0.9005145797598664
JWN,46.7600,47.1800,46.6100,46.6400,1.55 M,09/18/17,-0.10000000000000142,-0.21394950791613482
JWN,46.6600,47.2900,46.5100,46.7400,3.01 M,09/15/17,0.0,0.0
JWN,47.7000,47.7200,46.3600,46.7400,3.30 M,09/14/17,-1.0,-2.0946795140343526
JWN,47.9000,48.1100,46.9400,47.7400,9.57 M,09/13/17,2.690000000000005,5.971143174250843
JWN,44.8900,45.9700,44.6600,45.0500,4.95 M,09/12/17,0.3299999999999983,0.7379248658318388
JWN,45.1300,45.9599,43.5900,44.7200,5.10 M,09/11/17,-1.3800000000000026,-2.993492407809116
JWN,46.2200,46.2900,45.4200,46.1000,1.12 M,09/08/17,-0.10999999999999943,-0.23804371348192907
JWN,46.9000,47.0000,45.8500,46.2100,1.11 M,09/07/17,-0.509999999999998,-1.0916095890410917
JWN,46.4800,46.9500,46.3000,46.7200,1.50 M,09/06/17,0.519999999999996,1.125541125541117
JWN,46.3700,46.8000,45.9300,46.2000,1.75 M,09/05/17,-0.23999999999999488,-0.5167958656330639
JWN,44.8600,46.5950,44.7010,46.4400,1.86 M,09/01/17,1.8200000000000003,4.078888390856119
JWN,44.2900,45.0600,44.2300,44.6200,1.46 M,08/31/17,0.3299999999999983,0.7450891849175848
JWN,44.5300,45.0900,44.2300,44.2900,1.46 M,08/30/17,-0.25,-0.5612932195779076
JWN,44.5200,44.8900,44.1600,44.5400,1.32 M,08/29/17,-0.5200000000000031,-1.154016866400362
JWN,45.4000,45.4000,44.4700,45.0600,1.41 M,08/28/17,-0.28000000000000114,-0.6175562417291599
JWN,43.8900,46.0200,43.8900,45.3400,1.88 M,08/25/17,1.5200000000000031,3.468735737106351
JWN,45.2100,45.4200,43.7050,43.8200,1.77 M,08/24/17,-0.7800000000000011,-1.7488789237668185
JWN,44.1700,44.7800,43.9800,44.6000,1.01 M,08/23/17,0.0799999999999983,0.179694519317157
JWN,44.0800,44.6700,43.9200,44.5200,908937,08/22/17,0.75,1.7135023989033584
JWN,44.2900,44.5400,43.6700,43.7700,1.66 M,08/21/17,-0.5599999999999952,-1.263252876156091
JWN,44.2600,44.7300,44.0600,44.3300,1.28 M,08/18/17,-0.10999999999999943,-0.24752475247524625
JWN,44.2600,44.7000,43.8110,44.4400,1.29 M,08/17/17,-0.14000000000000057,-0.3140421713773005
JWN,45.0200,45.5900,44.4400,44.5800,1.17 M,08/16/17,-0.0799999999999983,-0.17913121361396844
JWN,45.0700,45.1300,44.3200,44.6600,1.83 M,08/15/17,-0.7000000000000028,-1.543209876543216
JWN,45.4100,45.8700,44.9600,45.3600,2.26 M,08/14/17,0.46000000000000085,1.024498886414256
JWN,44.3500,46.0000,43.7400,44.9000,6.55 M,08/11/17,0.030000000000001137,0.06685981724983539
JWN,46.1000,46.6900,44.5500,44.8700,5.47 M,08/10/17,-2.010000000000005,-4.287542662116052
JWN,47.0000,47.2083,46.3300,46.8800,1.84 M,08/09/17,-0.529999999999994,-1.1179076144273234
JWN,48.7500,48.8600,47.3600,47.4100,1.53 M,08/08/17,-0.0800000000000054,-0.16845651716151905
JWN,47.1000,47.8700,46.8600,47.4900,1.73 M,08/07/17,0.6799999999999997,1.4526810510574657
JWN,46.9700,47.3250,46.4700,46.8100,2.09 M,08/04/17,-0.03999999999999915,-0.08537886872998751
JWN,46.3700,47.8225,46.3500,46.8500,2.83 M,08/03/17,0.35999999999999943,0.7743600774360064
JWN,46.8800,47.6700,46.2400,46.4900,3.70 M,08/02/17,-2.4499999999999957,-5.006129955046988
JWN,48.5500,49.0050,47.9600,48.9400,927014,08/01/17,0.36999999999999744,0.7617871113856237
JWN,48.9700,48.9800,48.0100,48.5700,1.21 M,07/31/17,0.00999999999999801,0.020593080724872342
JWN,49.1990,49.2800,47.9000,48.5600,2.15 M,07/28/17,-0.4099999999999966,-0.837247294261786
JWN,47.8200,50.3200,47.5300,48.9700,3.97 M,07/27/17,1.1099999999999994,2.319264521521102
JWN,48.2300,48.2300,47.4600,47.8600,1.00 M,07/26/17,-0.23000000000000398,-0.4782699105843293
JWN,47.1700,48.6900,47.0800,48.0900,2.06 M,07/25/17,1.1900000000000048,2.5373134328358313
JWN,47.2500,47.3800,46.8000,46.9000,993198,07/24/17,-0.5399999999999991,-1.1382799325463726
JWN,47.1100,47.4600,46.6300,47.4400,781896,07/21/17,0.3399999999999963,0.7218683651804593
JWN,47.0900,47.3200,46.4200,47.1000,762386,07/20/17,0.1600000000000037,0.3408606731998375
JWN,46.4400,47.1000,46.2300,46.9400,1.11 M,07/19/17,0.6699999999999946,1.4480224767667917
JWN,47.1400,47.4700,45.9700,46.2700,1.71 M,07/18/17,-1.1399999999999935,-2.4045560008436904
JWN,46.8600,47.8600,46.8200,47.4100,1.10 M,07/17/17,0.5599999999999952,1.1953041622198401
JWN,47.3600,47.4500,46.5300,46.8500,1.34 M,07/14/17,-0.4799999999999969,-1.0141559264736888
JWN,46.9000,48.2100,46.8900,47.3300,2.51 M,07/13/17,0.7199999999999989,1.5447328899377792
JWN,46.5000,46.9000,46.1700,46.6100,1.27 M,07/12/17,0.1599999999999966,0.3444564047362682
JWN,46.2400,46.8000,46.0600,46.4500,1.21 M,07/11/17,0.23000000000000398,0.49762007788836865
JWN,47.2600,47.2600,45.9900,46.2200,2.26 M,07/10/17,-1.3200000000000003,-2.7766091712242327
JWN,47.4700,47.9800,47.0800,47.5400,1.12 M,07/07/17,0.1599999999999966,0.33769523005486823
JWN,47.9200,48.0900,47.1800,47.3800,1.24 M,07/06/17,-0.7399999999999949,-1.5378221113881856
JWN,48.3000,48.9500,48.0000,48.1200,1.75 M,07/05/17,-0.28999999999999915,-0.599049783102663
JWN,48.0800,48.8800,47.9700,48.4100,912348,07/03/17,0.5799999999999983,1.2126280577043662
JWN,47.8600,48.1100,47.3100,47.8300,1.40 M,06/30/17,0.269999999999996,0.5677039529015896
JWN,47.7900,48.0700,47.0900,47.5600,1.76 M,06/29/17,-0.11999999999999744,-0.25167785234898793
JWN,48.0800,48.2300,47.2900,47.6800,1.69 M,06/28/17,0.00999999999999801,0.02097755401719742
JWN,47.9400,48.4300,47.6400,47.6700,1.57 M,06/27/17,-0.12999999999999545,-0.2719665271966432
JWN,48.0200,48.3000,47.4800,47.8000,1.55 M,06/26/17,-0.20000000000000284,-0.41666666666667257
JWN,47.4800,48.0400,46.9300,48.0000,3.21 M,06/23/17,0.5200000000000031,1.095197978096047
JWN,45.8600,47.8400,45.7300,47.4800,3.75 M,06/22/17,1.3999999999999986,3.0381944444444415
JWN,45.9300,46.2700,45.0000,46.0800,2.13 M,06/21/17,-0.0799999999999983,-0.1733102253032892
JWN,48.0300,48.0300,46.0900,46.1600,2.74 M,06/20/17,-1.9000000000000057,-3.9533915938410438
JWN,47.5600,48.3000,46.7800,48.0600,2.22 M,06/19/17,0.5600000000000023,1.1789473684210574
JWN,46.2500,47.5050,45.7100,47.5000,3.44 M,06/16/17,0.5,1.0638297872340425
JWN,47.2700,48.2300,46.9100,47.0000,2.77 M,06/15/17,-0.3200000000000003,-0.6762468300929846
JWN,46.4100,47.3800,45.5400,47.3200,2.12 M,06/14/17,0.9399999999999977,2.026735661923238
JWN,46.4300,47.1500,46.1100,46.3800,2.08 M,06/13/17,-0.0899999999999963,-0.19367333763717734
JWN,47.0600,48.3265,46.3850,46.4700,3.80 M,06/12/17,-0.6899999999999977,-1.463104325699741
JWN,44.1100,48.0500,43.3991,47.1600,10.74 M,06/09/17,2.529999999999994,5.668832623795639
JWN,46.9400,47.9000,43.7500,44.6300,23.16 M,06/08/17,4.150000000000006,10.251976284584995
JWN,40.2300,40.6240,39.8700,40.4800,2.51 M,06/07/17,0.3399999999999963,0.847035376183349
JWN,41.5100,41.6600,39.7150,40.1400,4.56 M,06/06/17,-1.509999999999998,-3.6254501800720242
JWN,42.2300,42.3400,41.4700,41.6500,2.20 M,06/05/17,-0.8200000000000003,-1.9307746644690378
JWN,42.9400,43.2250,42.2100,42.4700,1.49 M,06/02/17,-0.4100000000000037,-0.956156716417919
JWN,41.9200,42.9400,41.7100,42.8800,2.18 M,06/01/17,1.0800000000000054,2.583732057416281
JWN,42.3700,42.3700,41.1300,41.8000,3.17 M,05/31/17,-0.6400000000000006,-1.5080113100848271
JWN,42.5400,42.7000,42.2500,42.4400,1.66 M,05/30/17,-0.030000000000001137,-0.0706380974805772
JWN,41.9800,42.5400,41.6300,42.4700,2.29 M,05/26/17,0.6700000000000017,1.6028708133971334
JWN,41.8900,42.4700,41.6700,41.8000,1.67 M,05/25/17,0.509999999999998,1.2351658997335868
JWN,41.3600,41.4300,40.6800,41.2900,1.79 M,05/24/17,-0.259999999999998,-0.6257521058965054
JWN,42.1200,42.1400,41.2200,41.5500,1.83 M,05/23/17,-0.490000000000002,-1.165556612749767
JWN,40.9800,42.2600,40.7900,42.0400,2.50 M,05/22/17,1.269999999999996,3.1150355653666812
JWN,41.2300,41.2300,39.5300,40.7700,2.77 M,05/19/17,0.11000000000000654,0.2705361534677977
JWN,41.0600,41.4900,40.4700,40.6600,1.93 M,05/18/17,-0.15000000000000568,-0.36755697133057014
JWN,40.8500,41.5400,40.7000,40.8100,3.41 M,05/17/17,0.1700000000000017,0.4183070866141774
JWN,41.1100,41.1100,40.2800,40.6400,4.63 M,05/16/17,-0.759999999999998,-1.8357487922705267
JWN,41.3600,42.5773,41.2300,41.4000,5.18 M,05/15/17,0.19999999999999574,0.4854368932038731
JWN,43.5700,43.5900,41.0000,41.2000,18.91 M,05/12/17,-5.009999999999998,-10.841809132222458
JWN,48.5000,48.7700,45.8000,46.2100,11.16 M,05/11/17,-3.799999999999997,-7.598480303939207
JWN,48.9900,50.0400,48.7000,50.0100,2.50 M,05/10/17,0.6599999999999966,1.3373860182370751
JWN,48.9400,49.4100,48.6300,49.3500,1.99 M,05/09/17,0.6499999999999986,1.3347022587268964
JWN,49.3400,49.6700,48.6800,48.7000,1.71 M,05/08/17,-0.30999999999999517,-0.6325239746990312
JWN,49.3200,49.5000,48.7050,49.0100,2.03 M,05/05/17,-0.13000000000000256,-0.26455026455026975
JWN,49.7900,50.2200,49.1000,49.1400,3.00 M,05/04/17,-0.5,-1.0072522159548751
JWN,48.6000,49.7600,48.3600,49.6400,3.11 M,05/03/17,1.0,2.0559210526315788
JWN,47.4850,48.8300,47.2900,48.6400,2.04 M,05/02/17,1.2899999999999991,2.7243928194297764
JWN,48.3100,48.5500,47.3500,47.3500,1.74 M,05/01/17,-0.9200000000000017,-1.9059457219805296
JWN,47.8000,48.4500,47.5200,48.2700,2.52 M,04/28/17,-0.02999999999999403,-0.06211180124222367
JWN,47.6700,48.3550,47.2300,48.3000,1.97 M,04/27/17,0.6199999999999974,1.3003355704697932
JWN,47.3000,48.1000,47.0700,47.6800,1.83 M,04/26/17,0.5300000000000011,1.1240721102863227
JWN,47.5000,47.7700,46.8000,47.1500,1.69 M,04/25/17,-0.0799999999999983,-0.16938386618674212
JWN,48.2300,48.2550,46.8200,47.2300,1.90 M,04/24/17,-0.39000000000000057,-0.8189836203275946
JWN,47.7300,47.9800,47.2008,47.6200,1.94 M,04/21/17,-0.25,-0.5222477543346564
JWN,46.9300,48.4200,46.9300,47.8700,3.04 M,04/20/17,1.3399999999999963,2.8798624543305316
JWN,46.3700,47.4100,46.3700,46.5300,2.29 M,04/19/17,0.45000000000000284,0.9765625000000062
JWN,46.0300,46.3900,45.6100,46.0800,1.53 M,04/18/17,-0.020000000000003126,-0.04338394793926925
JWN,46.2400,46.7400,45.6800,46.1000,2.22 M,04/17/17,-0.46999999999999886,-1.0092334120678523
JWN,46.4000,46.8200,46.1900,46.5700,2.77 M,04/13/17,0.14000000000000057,0.3015291837174253
JWN,46.4100,46.7200,45.7900,46.4300,3.41 M,04/12/17,-0.14000000000000057,-0.3006227184882984
JWN,45.4400,46.5800,45.0600,46.5700,2.32 M,04/11/17,1.1700000000000017,2.5770925110132197
JWN,44.7200,46.0800,44.7200,45.4000,1.72 M,04/10/17,0.8699999999999974,1.95373905232427
JWN,44.5200,44.9300,44.1501,44.5300,1.82 M,04/07/17,-0.18999999999999773,-0.42486583184257093
JWN,43.9200,45.9000,43.8500,44.7200,3.55 M,04/06/17,1.2800000000000011,2.9465930018416233
JWN,44.0200,44.7900,43.3510,43.4400,2.38 M,04/05/17,-0.480000000000004,-1.092896174863397
JWN,46.0900,46.0900,43.8200,43.9200,3.87 M,04/04/17,-2.559999999999995,-5.507745266781401
JWN,46.5700,47.0300,45.5500,46.4800,3.09 M,04/03/17,-0.09000000000000341,-0.19325746188534124
JWN,46.4000,46.8500,46.2900,46.5700,2.65 M,03/31/17,0.11999999999999744,0.25834230355220117
JWN,45.5900,46.5000,45.4100,46.4500,2.18 M,03/30/17,0.5300000000000011,1.154181184668992
JWN,43.5000,45.9900,43.3100,45.9200,5.00 M,03/29/17,2.3400000000000034,5.369435520881146
JWN,42.1200,43.6000,42.1200,43.5800,2.90 M,03/28/17,1.1199999999999974,2.6377767310409737
JWN,41.5200,42.6600,41.3900,42.4600,2.65 M,03/27/17,0.509999999999998,1.2157330154946318
JWN,41.5500,42.1300,41.1800,41.9500,2.11 M,03/24/17,0.3400000000000034,0.8171112713290156
JWN,42.3900,42.7700,41.5050,41.6100,2.71 M,03/23/17,-0.3500000000000014,-0.8341277407054372
JWN,41.8700,42.0500,40.6950,41.9600,2.65 M,03/22/17,0.14999999999999858,0.3587658454915058
JWN,42.5900,42.7500,40.8600,41.8100,3.21 M,03/21/17,-0.769999999999996,-1.8083607327383655
JWN,43.9800,44.0800,42.4500,42.5800,2.65 M,03/20/17,-1.3400000000000034,-3.0510018214936325
JWN,44.5500,44.6600,43.6600,43.9200,3.37 M,03/17/17,-0.39000000000000057,-0.8801624915369004
JWN,44.0700,44.8300,43.6800,44.3100,2.34 M,03/16/17,-0.030000000000001137,-0.06765899864682258
JWN,43.6000,44.5450,43.4400,44.3400,1.78 M,03/15/17,0.5600000000000023,1.2791228871630933
JWN,43.6400,43.8900,43.3700,43.7800,1.83 M,03/14/17,0.17999999999999972,0.41284403669724706
JWN,44.4000,44.5200,43.4200,43.6000,2.35 M,03/13/17,-0.8500000000000014,-1.9122609673790807
JWN,44.8700,45.1000,44.2800,44.4500,2.79 M,03/10/17,-0.21999999999999886,-0.49250055965972434
JWN,45.0500,45.3900,44.4100,44.6700,2.10 M,03/09/17,-0.4799999999999969,-1.063122923588033
JWN,44.1400,45.5300,44.1400,45.1500,2.67 M,03/08/17,1.1199999999999974,2.5437201907790086
JWN,45.0000,45.5500,43.9800,44.0300,3.75 M,03/07/17,-1.4699999999999989,-3.230769230769228
JWN,45.9700,46.0600,44.6200,45.5000,3.98 M,03/06/17,-0.8500000000000014,-1.8338727076591184
JWN,46.7400,46.9000,45.7602,46.3500,2.27 M,03/03/17,-0.29999999999999716,-0.6430868167202511
JWN,45.7400,46.7000,45.3900,46.6500,4.17 M,03/02/17,1.0499999999999972,2.302631578947362
JWN,46.8700,47.0500,44.7000,45.6000,4.67 M,03/01/17,-1.0599999999999952,-2.271753107586788
JWN,47.1000,47.5400,46.0800,46.6600,4.70 M,02/28/17,-0.9500000000000028,-1.9953791220331922
JWN,46.3200,48.1600,46.1300,47.6100,7.32 M,02/27/17,1.1499999999999986,2.475247524752472
JWN,44.9700,47.0300,44.0000,46.4600,12.96 M,02/24/17,2.520000000000003,5.735093309057813
JWN,44.8600,45.0500,43.6600,43.9400,5.36 M,02/23/17,-1.4100000000000037,-3.109151047409049
JWN,45.9800,46.1300,44.7700,45.3500,2.46 M,02/22/17,-0.519999999999996,-1.1336385437104775
JWN,46.1200,46.6500,45.6500,45.8700,3.31 M,02/21/17,0.17999999999999972,0.3939592908732758
JWN,44.3100,45.9700,44.1400,45.6900,4.30 M,02/17/17,1.509999999999998,3.417836124943409
JWN,46.0500,46.1900,44.0500,44.1800,3.28 M,02/16/17,-1.9399999999999977,-4.206418039895919
JWN,45.6600,46.4700,45.4400,46.1200,4.03 M,02/15/17,0.6799999999999997,1.496478873239436
JWN,44.3100,45.8000,44.3100,45.4400,2.55 M,02/14/17,1.0799999999999983,2.4346257889990945
JWN,45.3750,45.4700,43.7200,44.3600,3.02 M,02/13/17,-0.6400000000000006,-1.4222222222222234
JWN,45.7800,46.1800,44.2000,45.0000,3.12 M,02/10/17,-0.5499999999999972,-1.2074643249176666
JWN,44.5900,46.3900,44.5690,45.5500,5.42 M,02/09/17,1.019999999999996,2.2905906130698317
JWN,42.3200,44.5500,42.3200,44.5300,5.71 M,02/08/17,1.75,4.090696587190275
JWN,43.1800,43.7300,42.6500,42.7800,1.97 M,02/07/17,-0.10000000000000142,-0.2332089552238839
JWN,43.7400,44.1900,42.5800,42.8800,3.02 M,02/06/17,-1.019999999999996,-2.3234624145785787
JWN,43.4400,46.0900,43.0300,43.9000,4.68 M,02/03/17,0.39000000000000057,0.8963456676626076
JWN,42.8100,44.1400,42.5000,43.5100,3.91 M,02/02/17,-0.3100000000000023,-0.7074395253309043
JWN,44.5500,44.5500,43.3700,43.8200,2.35 M,02/01/17,-0.3999999999999986,-0.90456806874717
JWN,43.0200,44.3400,42.4000,44.2200,2.83 M,01/31/17,0.519999999999996,1.1899313501144073
JWN,42.7600,43.7900,42.6200,43.7000,2.22 M,01/30/17,0.8700000000000045,2.0312864814382547
JWN,44.4500,44.4500,42.3200,42.8300,3.30 M,01/27/17,-1.490000000000002,-3.3619133574007263
JWN,45.0400,45.6400,44.2700,44.3200,2.71 M,01/26/17,-0.6899999999999977,-1.5329926682959292
JWN,45.1900,45.5000,44.8000,45.0100,1.66 M,01/25/17,0.01999999999999602,0.044454323182920696
JWN,44.4400,45.0900,44.3200,44.9900,1.69 M,01/24/17,0.5800000000000054,1.3060121594235654
JWN,44.2300,45.0000,43.9900,44.4100,3.12 M,01/23/17,-0.23000000000000398,-0.5152329749104032
JWN,42.9700,44.7700,42.9700,44.6400,4.06 M,01/20/17,1.7100000000000009,3.9832285115304003
JWN,44.3900,44.5700,42.8600,42.9300,3.59 M,01/19/17,-1.3800000000000026,-3.1144211238998025
JWN,45.2200,45.2200,42.9000,44.3100,3.71 M,01/18/17,-0.07000000000000028,-0.1577287066246063
JWN,43.6500,45.0400,43.5110,44.3800,2.02 M,01/17/17,0.17999999999999972,0.4072398190045242
JWN,45.0200,45.1399,44.0900,44.2000,2.34 M,01/13/17,-0.8299999999999983,-1.8432156340217594
JWN,44.6900,45.4400,44.3900,45.0300,1.90 M,01/12/17,0.13000000000000256,0.28953229398664265
JWN,45.8300,45.9150,44.4600,44.9000,3.03 M,01/11/17,-0.7700000000000031,-1.6860083205605498
JWN,45.1000,45.9800,44.8900,45.6700,2.33 M,01/10/17,0.6200000000000045,1.3762486126526183
JWN,45.4200,45.6000,45.0100,45.0500,2.27 M,01/09/17,-0.4200000000000017,-0.9236859467780992
JWN,45.4200,46.1500,45.1500,45.4700,3.09 M,01/06/17,-0.09000000000000341,-0.19754170324847103
JWN,45.1200,45.6800,44.0200,45.5600,7.41 M,01/05/17,-3.3599999999999994,-6.868356500408829
JWN,47.8500,49.1950,47.7500,48.9200,3.78 M,01/04/17,1.3000000000000043,2.7299454010919875
JWN,48.2400,48.5400,47.3000,47.6200,3.97 M,01/03/17,-0.3100000000000023,-0.6467765491341587
JWN,48.4400,48.7700,47.7500,47.9300,1.55 M,12/30/16,-0.35999999999999943,-0.7454959618968718
JWN,48.2700,48.8900,47.9300,48.2900,1.46 M,12/29/16,-0.11999999999999744,-0.2478826688700629
JWN,49.0000,49.2700,48.1700,48.4100,1.67 M,12/28/16,-0.5500000000000043,-1.123366013071904
JWN,48.9200,49.5300,48.4200,48.9600,2.31 M,12/27/16,0.21000000000000085,0.4307692307692325
JWN,48.5300,49.7200,48.5000,48.7500,2.33 M,12/23/16,0.509999999999998,1.0572139303482546
JWN,51.2200,51.2200,48.0100,48.2400,3.84 M,12/22/16,-2.969999999999999,-5.79964850615114
JWN,51.9100,52.1100,51.2100,51.2100,1.51 M,12/21/16,-0.5600000000000023,-1.0817075526366664
JWN,51.0000,52.1300,50.9600,51.7700,2.84 M,12/20/16,0.9299999999999997,1.8292682926829262
JWN,50.4000,51.2400,50.1600,50.8400,4.00 M,12/19/16,0.36000000000000654,0.7131537242472397
JWN,53.0700,53.1300,50.2000,50.4800,10.75 M,12/16/16,-4.800000000000004,-8.683068017366145
JWN,57.3900,57.5700,55.2500,55.2800,2.21 M,12/15/16,-1.740000000000002,-3.0515608558400595
JWN,58.2650,58.4100,56.6500,57.0200,3.78 M,12/14/16,-1.3299999999999983,-2.279348757497855
JWN,57.8000,58.7900,57.2600,58.3500,3.28 M,12/13/16,-0.05999999999999517,-0.10272213662043343
JWN,60.2400,60.5100,58.0400,58.4100,3.79 M,12/12/16,-2.3400000000000034,-3.8518518518518574
JWN,61.5300,61.7700,59.9600,60.7500,2.76 M,12/09/16,-0.740000000000002,-1.2034477150756253
JWN,59.6000,61.8500,59.5700,61.4900,4.14 M,12/08/16,1.3999999999999986,2.329838575470126
JWN,57.3800,60.1000,57.0000,60.0900,3.35 M,12/07/16,2.8300000000000054,4.942368145302141
JWN,57.3300,57.5700,56.5800,57.2600,1.87 M,12/06/16,0.05999999999999517,0.10489510489509644
JWN,57.0400,57.9900,56.6400,57.2000,2.70 M,12/05/16,0.6600000000000037,1.1673151750972828
JWN,56.1200,57.0500,55.8440,56.5400,2.09 M,12/02/16,0.5,0.8922198429693077
JWN,55.7700,57.6700,55.3000,56.0400,3.45 M,12/01/16,0.11999999999999744,0.21459227467810701
JWN,56.2100,56.6550,55.5500,55.9200,4.24 M,11/30/16,-0.4299999999999997,-0.763087843833185
JWN,56.2100,56.8900,55.9000,56.3500,2.86 M,11/29/16,0.28999999999999915,0.5173028897609688
JWN,57.8200,57.8200,55.8300,56.0600,4.39 M,11/28/16,-1.7899999999999991,-3.0942091616248906
JWN,58.8600,59.0800,57.7400,57.8500,1.15 M,11/25/16,-0.6799999999999997,-1.1617973688706642
JWN,57.3200,58.5600,57.0500,58.5300,2.43 M,11/23/16,0.6300000000000026,1.0880829015544087
JWN,58.0700,58.5900,57.8600,57.9000,2.47 M,11/22/16,0.1700000000000017,0.29447427680582317
JWN,58.4700,58.9400,57.5000,57.7300,3.21 M,11/21/16,-1.2100000000000009,-2.0529351883271136
JWN,57.8100,59.5000,56.7900,58.9400,4.05 M,11/18/16,0.4399999999999977,0.7521367521367482
JWN,58.5000,59.0000,57.6710,58.5000,2.66 M,11/17/16,0.20000000000000284,0.34305317324185736
JWN,58.2500,58.8100,57.6100,58.3000,4.02 M,11/16/16,0.0,0.0
JWN,59.7400,59.7400,57.8500,58.3000,4.64 M,11/15/16,-1.25,-2.0990764063811924
JWN,59.0600,62.8200,59.0600,59.5500,10.52 M,11/14/16,0.8299999999999983,1.4134877384196156
JWN,57.5000,59.1800,55.0500,58.7200,11.52 M,11/11/16,2.6899999999999977,4.800999464572547
JWN,53.9900,57.3300,53.9900,56.0300,10.67 M,11/10/16,3.740000000000002,7.152419200611976
JWN,50.9900,52.6500,50.1800,52.2900,5.37 M,11/09/16,0.240000000000002,0.4610951008645572
JWN,51.8100,52.5700,51.1650,52.0500,2.98 M,11/08/16,0.22999999999999687,0.4438440756464625
JWN,51.2900,51.8500,51.2400,51.8200,1.72 M,11/07/16,1.4299999999999997,2.8378646556856513
JWN,50.3900,50.9200,50.1100,50.3900,2.27 M,11/04/16,0.17999999999999972,0.35849432383987195
JWN,51.1100,51.6050,50.1100,50.2100,2.22 M,11/03/16,-0.7299999999999969,-1.4330585001963032
JWN,50.7700,51.4700,50.3900,50.9400,3.01 M,11/02/16,0.0799999999999983,0.15729453401493962
JWN,51.9700,52.2200,50.1100,50.8600,3.29 M,11/01/16,-1.1400000000000006,-2.1923076923076934
JWN,52.1400,52.8000,51.7000,52.0000,2.64 M,10/31/16,-0.7000000000000028,-1.328273244781789
JWN,52.4800,53.3000,51.7300,52.7000,3.38 M,10/28/16,0.20000000000000284,0.38095238095238637
JWN,54.4900,54.5400,52.4100,52.5000,3.56 M,10/27/16,-1.5300000000000011,-2.8317601332593023
JWN,53.9400,55.1200,53.9400,54.0300,2.97 M,10/26/16,-0.10999999999999943,-0.20317694865164285
JWN,54.2200,54.6400,53.7900,54.1400,2.75 M,10/25/16,-0.6499999999999986,-1.1863478736995776
JWN,54.4900,55.1100,54.2850,54.7900,2.16 M,10/24/16,0.6599999999999966,1.21928690190282
JWN,52.7700,54.3800,52.5900,54.1300,3.27 M,10/21/16,1.0200000000000031,1.9205422707588085
JWN,53.3100,53.4500,52.8200,53.1100,1.68 M,10/20/16,-0.3200000000000003,-0.5989144675276068
JWN,53.3100,53.6400,53.0200,53.4300,2.62 M,10/19/16,0.1599999999999966,0.30035667354983403
JWN,53.8700,53.8900,53.1000,53.2700,2.08 M,10/18/16,0.0,0.0
JWN,53.5700,54.2700,53.0100,53.2700,1.76 M,10/17/16,-0.35999999999999943,-0.6712660824165568
JWN,52.8800,54.1000,52.5500,53.6300,3.30 M,10/14/16,-0.04999999999999716,-0.09314456035766981
JWN,54.1000,54.1100,53.1700,53.6800,2.14 M,10/13/16,-0.8599999999999994,-1.5768243491015759
JWN,54.1600,54.8900,53.9250,54.5400,2.35 M,10/12/16,0.3999999999999986,0.7388252678241569
JWN,54.3500,54.8600,53.9300,54.1400,2.31 M,10/11/16,-0.13000000000000256,-0.23954302561268206
JWN,54.9900,55.2000,53.5800,54.2700,2.32 M,10/10/16,-0.5599999999999952,-1.0213386832026174
JWN,54.3000,55.2300,54.1400,54.8300,3.61 M,10/07/16,0.8900000000000006,1.6499814608824632
JWN,52.8600,54.6000,52.4000,53.9400,3.29 M,10/06/16,0.9399999999999977,1.773584905660373
JWN,51.8600,53.3300,51.7600,53.0000,2.43 M,10/05/16,1.3500000000000014,2.6137463697967114
JWN,51.1200,51.7800,50.8700,51.6500,2.11 M,10/04/16,0.5399999999999991,1.0565447074936396
JWN,51.6200,51.7100,50.9500,51.1100,2.16 M,10/03/16,-0.7700000000000031,-1.4841942945258348
JWN,52.1600,52.6000,51.3900,51.8800,2.61 M,09/30/16,0.4000000000000057,0.7770007770007881
JWN,51.7000,52.6200,51.4200,51.4800,2.00 M,09/29/16,-0.30000000000000426,-0.5793742757821635
JWN,51.4300,51.9400,51.1600,51.7800,1.46 M,09/28/16,0.07000000000000028,0.1353703345581131
JWN,51.4700,52.2800,51.3300,51.7100,1.68 M,09/27/16,0.21000000000000085,0.4077669902912638
JWN,51.1200,51.9900,51.0400,51.5000,3.21 M,09/26/16,-0.07000000000000028,-0.13573783207291115
JWN,51.0500,52.0500,50.9710,51.5700,2.54 M,09/23/16,1.0799999999999983,2.1390374331550768
JWN,51.1200,51.5500,49.9800,50.4900,3.74 M,09/22/16,-0.5799999999999983,-1.135696103387504
JWN,49.9400,51.0800,49.9400,51.0700,2.25 M,09/21/16,1.3100000000000023,2.632636655948558
JWN,50.6300,50.9100,49.6600,49.7600,1.73 M,09/20/16,-0.8700000000000045,-1.7183488050562996
JWN,51.4300,51.5250,50.3900,50.6300,2.53 M,09/19/16,-0.6499999999999986,-1.2675507020280783
JWN,51.2300,51.7800,51.0000,51.2800,4.13 M,09/16/16,-0.4200000000000017,-0.8123791102514539
JWN,49.3100,52.0000,48.8700,51.7000,5.18 M,09/15/16,2.2900000000000063,4.634689334142899
JWN,49.2300,49.9400,48.4600,49.4100,2.98 M,09/14/16,0.23999999999999488,0.4881025015253099
JWN,49.8600,50.1300,48.8300,49.1700,3.26 M,09/13/16,-1.1299999999999955,-2.246520874751482
JWN,49.4200,50.4500,49.3000,50.3000,2.54 M,09/12/16,0.5999999999999943,1.2072434607645761
JWN,49.7100,50.3926,49.5600,49.7000,2.76 M,09/09/16,-0.36999999999999744,-0.7389654483722737
JWN,50.7700,50.8400,49.8500,50.0700,1.98 M,09/08/16,-0.8999999999999986,-1.7657445556209508
JWN,49.8800,51.1700,49.3900,50.9700,2.99 M,09/07/16,0.9499999999999957,1.89924030387844
JWN,51.6900,51.7800,49.8400,50.0200,4.01 M,09/06/16,-1.8499999999999943,-3.5666088297667136
JWN,51.2700,52.3900,51.1200,51.8700,3.05 M,09/02/16,0.8399999999999963,1.6460905349794166
JWN,50.7600,51.1100,50.4300,51.0300,2.54 M,09/01/16,0.5700000000000003,1.1296076099881098
JWN,51.6000,51.8700,50.2300,50.4600,3.02 M,08/31/16,-0.990000000000002,-1.9241982507288666
JWN,51.9900,52.2990,51.0200,51.4500,2.19 M,08/30/16,-1.0,-1.9065776930409912
JWN,51.4900,52.5100,51.3900,52.4500,2.13 M,08/29/16,1.1900000000000048,2.321498244245035
JWN,51.6200,52.0800,50.9800,51.2600,1.97 M,08/26/16,-0.30000000000000426,-0.5818463925523745
JWN,51.8500,52.4200,51.2350,51.5600,1.78 M,08/25/16,-0.7299999999999969,-1.3960604322050045
JWN,52.6500,52.8000,52.2000,52.2900,1.91 M,08/24/16,-0.6000000000000014,-1.134429948950655
JWN,52.6300,53.2700,52.3200,52.8900,2.47 M,08/23/16,0.75,1.4384349827387801
JWN,52.6400,52.7300,51.6100,52.1400,2.84 M,08/22/16,-0.5,-0.9498480243161094
JWN,52.4000,52.8800,51.8500,52.6400,2.90 M,08/19/16,0.5700000000000003,1.0946802381409646
JWN,52.1300,52.3900,51.6200,52.0700,2.49 M,08/18/16,0.3299999999999983,0.6378044066486245
JWN,52.0300,52.4650,51.2400,51.7400,3.96 M,08/17/16,-0.9199999999999946,-1.7470565894416914
JWN,52.7000,53.7100,52.2600,52.6600,4.35 M,08/16/16,-0.30000000000000426,-0.5664652567975911
JWN,51.7300,53.2500,51.6400,52.9600,5.85 M,08/15/16,1.5799999999999983,3.075126508369012
JWN,51.0000,52.0900,50.2600,51.3800,14.79 M,08/12/16,3.8200000000000003,8.031959629941127
JWN,47.0000,48.9100,46.6600,47.5600,13.94 M,08/11/16,3.3300000000000054,7.5288265882885055
JWN,43.8100,45.4000,43.5200,44.2300,4.41 M,08/10/16,0.7099999999999937,1.6314338235293973
JWN,44.6100,44.7000,42.9500,43.5200,4.77 M,08/09/16,-1.25,-2.792048246593701
JWN,43.6600,45.0800,43.6600,44.7700,3.43 M,08/08/16,1.220000000000006,2.801377726750875
JWN,42.3700,44.0800,42.2250,43.5500,3.11 M,08/05/16,1.5499999999999972,3.6904761904761836
JWN,41.5000,42.3400,41.1000,42.0000,2.25 M,08/04/16,0.39000000000000057,0.9372746935832746
JWN,39.8800,41.8200,39.0500,41.6100,4.21 M,08/03/16,0.8699999999999974,2.1354933726067684
JWN,43.0200,43.3100,40.5500,40.7400,5.56 M,08/02/16,-3.0,-6.858710562414266
JWN,43.9300,44.2700,43.3800,43.7400,3.16 M,08/01/16,-0.4899999999999949,-1.107845353832229
JWN,42.8600,44.4100,42.6300,44.2300,3.29 M,07/29/16,0.9599999999999937,2.218627224404885
JWN,42.6700,43.3600,41.7700,43.2700,2.31 M,07/28/16,0.490000000000002,1.1453950444132819
JWN,44.0600,44.4400,42.2500,42.7800,3.40 M,07/27/16,-1.1499999999999986,-2.6178010471204156
JWN,43.9700,45.1500,43.8600,43.9300,6.29 M,07/26/16,1.1899999999999977,2.784277023865226
JWN,41.0800,42.8800,40.9500,42.7400,4.27 M,07/25/16,1.8800000000000026,4.601076847772889
JWN,41.2300,41.4200,40.6800,40.8600,2.36 M,07/22/16,-0.38000000000000256,-0.9214354995150401
JWN,41.1400,41.6800,41.0100,41.2400,2.07 M,07/21/16,0.03999999999999915,0.09708737864077462
JWN,40.6500,41.3050,40.3300,41.2000,1.60 M,07/20/16,0.740000000000002,1.82896688087
JWN,41.0800,41.0800,40.3200,40.4600,2.31 M,07/19/16,-0.6499999999999986,-1.581123814157136
JWN,40.6900,41.4100,40.5100,41.1100,1.99 M,07/18/16,0.46999999999999886,1.1564960629921233
JWN,41.0700,41.3400,40.6300,40.6400,2.13 M,07/15/16,-0.22999999999999687,-0.5627599706386026
JWN,41.4800,41.8000,40.6800,40.8700,2.09 M,07/14/16,-0.23000000000000398,-0.5596107055961167
JWN,41.5700,41.8900,40.6000,41.1000,2.53 M,07/13/16,-0.519999999999996,-1.2493993272465067
JWN,41.1400,41.7800,41.0600,41.6200,3.20 M,07/12/16,0.6599999999999966,1.6113281249999916
JWN,40.4000,41.1100,40.1200,40.9600,3.07 M,07/11/16,0.6400000000000006,1.5873015873015888
JWN,39.4600,40.6000,39.4600,40.3200,3.94 M,07/08/16,1.1700000000000017,2.988505747126441
JWN,38.3400,39.5400,38.3400,39.1500,4.46 M,07/07/16,0.8200000000000003,2.1393164623010703
JWN,37.2900,38.4100,36.8200,38.3300,3.66 M,07/06/16,0.8699999999999974,2.3224773091297317
JWN,38.2300,38.2300,36.7938,37.4600,2.73 M,07/05/16,-0.769999999999996,-2.0141250326968247
JWN,37.8400,38.5400,37.8000,38.2300,2.76 M,07/01/16,0.17999999999999972,0.473061760840998
JWN,38.0300,38.1142,37.4000,38.0500,2.73 M,06/30/16,0.17999999999999972,0.4753102719830994
JWN,37.2500,38.1200,37.0750,37.8700,3.45 M,06/29/16,0.759999999999998,2.0479655079493346
JWN,36.5800,37.1900,36.3600,37.1100,3.33 M,06/28/16,0.9099999999999966,2.513812154696123
JWN,37.1100,37.1100,35.0100,36.2000,4.74 M,06/27/16,-0.9299999999999997,-2.504713169943441
JWN,37.0500,37.5200,36.5600,37.1300,4.21 M,06/24/16,-1.1199999999999974,-2.928104575163392
JWN,38.2600,38.6268,38.0900,38.2500,2.48 M,06/23/16,0.46000000000000085,1.2172532415983086
JWN,37.8300,38.9800,37.7400,37.7900,3.05 M,06/22/16,0.03999999999999915,0.10596026490065999
JWN,37.9500,38.2300,37.6800,37.7500,2.62 M,06/21/16,0.03999999999999915,0.10607265977194152
JWN,38.0900,38.2690,37.6500,37.7100,2.38 M,06/20/16,0.23000000000000398,0.613660618996809
JWN,36.9000,37.7400,36.8200,37.4800,4.91 M,06/17/16,0.6999999999999957,1.9032082653615978
JWN,37.1900,37.2000,36.3300,36.7800,5.52 M,06/16/16,-0.21000000000000085,-0.5677210056772123
JWN,37.0500,38.4300,36.9600,36.9900,5.18 M,06/15/16,0.3100000000000023,0.8451472191930269
JWN,37.6900,37.7700,36.4100,36.6800,5.39 M,06/14/16,-1.0,-2.653927813163482
JWN,38.8800,38.8900,37.6450,37.6800,3.61 M,06/13/16,-1.2000000000000028,-3.086419753086427
JWN,38.8500,38.8900,38.3100,38.8800,4.31 M,06/10/16,-0.6899999999999977,-1.7437452615617834
JWN,40.5800,40.5800,39.0900,39.5700,3.00 M,06/09/16,-0.990000000000002,-2.4408284023668685
JWN,40.4800,40.8400,40.2200,40.5600,3.25 M,06/08/16,0.060000000000002274,0.14814814814815377
JWN,39.5900,40.8500,39.5000,40.5000,4.16 M,06/07/16,0.6599999999999966,1.6566265060240877
JWN,39.8500,40.2200,39.2900,39.8400,3.69 M,06/06/16,0.09000000000000341,0.22641509433963122
JWN,39.1300,39.9400,39.0601,39.7500,4.45 M,06/03/16,0.45000000000000284,1.1450381679389385
JWN,38.2300,39.4100,38.0000,39.3000,4.58 M,06/02/16,1.1499999999999986,3.014416775884662
JWN,37.9800,38.3300,37.7500,38.1500,3.90 M,06/01/16,0.1700000000000017,0.4476040021063763
JWN,38.1700,38.3100,37.6200,37.9800,4.79 M,05/31/16,-0.19000000000000483,-0.49777312025151904
JWN,37.7700,38.1800,37.6100,38.1700,2.70 M,05/27/16,0.5100000000000051,1.3542219861922602
JWN,37.8400,38.1000,37.3600,37.6600,3.75 M,05/26/16,-0.5400000000000063,-1.4136125654450424
JWN,38.0700,38.3650,37.6600,38.2000,5.09 M,05/25/16,0.19000000000000483,0.4998684556695734
JWN,38.3800,38.5800,37.6150,38.0100,2.72 M,05/24/16,-0.14999999999999858,-0.3930817610062856
JWN,38.2800,39.1800,38.1100,38.1600,5.24 M,05/23/16,0.03999999999999915,0.10493179433368087
JWN,37.2500,38.1300,37.0800,38.1200,4.85 M,05/20/16,1.009999999999998,2.721638372406354
JWN,36.6700,37.3600,36.5100,37.1100,6.33 M,05/19/16,0.740000000000002,2.0346439373109764
JWN,37.2200,37.5000,36.1875,36.3700,8.69 M,05/18/16,-1.2800000000000011,-3.399734395750335
JWN,38.4000,38.7500,37.5100,37.6500,7.04 M,05/17/16,-0.8900000000000006,-2.3092890503373136
JWN,39.6300,39.6500,38.4000,38.5400,10.38 M,05/16/16,-0.6199999999999974,-1.5832482124616891
JWN,38.4800,41.0200,37.9950,39.1600,29.55 M,05/13/16,-6.07,-13.420296263541898
JWN,45.0000,46.2600,43.8400,45.2300,13.43 M,05/12/16,-0.20000000000000284,-0.44023772837332786
JWN,47.0300,47.0300,45.2900,45.4300,10.01 M,05/11/16,-3.4299999999999997,-7.020057306590258
JWN,48.7000,49.0200,47.9600,48.8600,5.06 M,05/10/16,-0.3400000000000034,-0.6910569105691126
JWN,48.1600,49.5700,48.0400,49.2000,4.22 M,05/09/16,1.1400000000000006,2.37203495630462
JWN,48.3100,48.3100,47.1800,48.0600,4.68 M,05/06/16,-0.6499999999999986,-1.3344282488195414
JWN,49.3700,49.3800,47.6400,48.7100,5.01 M,05/05/16,-0.8399999999999963,-1.6952573158425759
JWN,50.2100,50.4500,48.9450,49.5500,3.88 M,05/04/16,-1.25,-2.4606299212598426
JWN,51.2100,51.2100,50.0600,50.8000,2.14 M,05/03/16,-0.7900000000000063,-1.5313045163791552
JWN,51.2000,51.7400,50.4200,51.5900,2.68 M,05/02/16,0.46000000000000085,0.8996675141795439
JWN,52.2400,52.2400,50.5800,51.1300,3.12 M,04/29/16,-1.5999999999999943,-3.034325810733917
JWN,53.3700,53.8200,52.6000,52.7300,1.53 M,04/28/16,-0.740000000000002,-1.3839536188516963
JWN,52.6100,53.5500,52.2900,53.4700,1.59 M,04/27/16,0.6999999999999957,1.3265112753458324
JWN,51.9700,52.8800,51.7200,52.7700,2.68 M,04/26/16,0.7600000000000051,1.4612574504903002
JWN,51.5100,52.2800,51.1801,52.0100,1.70 M,04/25/16,0.4199999999999946,0.8141112618724454
JWN,52.3400,53.4000,51.4300,51.5900,4.29 M,04/22/16,-1.6899999999999977,-3.1719219219219177
JWN,53.6000,54.4200,53.2100,53.2800,4.14 M,04/21/16,-0.28999999999999915,-0.5413477692738458
JWN,52.6600,54.1850,52.5401,53.5700,2.32 M,04/20/16,1.0600000000000023,2.018663111788235
JWN,52.3500,52.9000,52.0500,52.5100,1.75 M,04/19/16,0.17999999999999972,0.3439709535639207
JWN,51.6600,52.5700,51.5700,52.3300,2.19 M,04/18/16,0.6299999999999955,1.2185686653771672
JWN,51.2800,51.9800,50.7800,51.7000,2.54 M,04/15/16,0.4000000000000057,0.7797270955165804
JWN,52.0000,52.0000,50.6900,51.3000,2.31 M,04/14/16,-0.6900000000000048,-1.327178303519917
JWN,51.7800,52.0200,51.1600,51.9900,3.67 M,04/13/16,0.3999999999999986,0.7753440589261457
JWN,50.7800,51.9300,49.9500,51.5900,3.68 M,04/12/16,0.75,1.4752163650668764
JWN,51.2300,51.4400,50.6500,50.8400,3.04 M,04/11/16,-0.29999999999999716,-0.5866249511145818
JWN,52.0500,52.1800,49.9000,51.1400,5.30 M,04/08/16,-1.3100000000000023,-2.497616777883703
JWN,54.3800,54.6700,52.2100,52.4500,5.48 M,04/07/16,-2.269999999999996,-4.14839181286549
JWN,54.8100,54.9400,53.8800,54.7200,2.67 M,04/06/16,-0.1600000000000037,-0.2915451895043799
JWN,55.4100,55.5500,54.5900,54.8800,2.46 M,04/05/16,-0.6699999999999946,-1.2061206120611965
JWN,57.1500,57.4200,55.4300,55.5500,2.57 M,04/04/16,-1.6799999999999997,-2.935523326926437
JWN,57.0800,57.9200,56.8200,57.2300,1.89 M,04/01/16,0.01999999999999602,0.034958923265156476
JWN,57.4700,57.8800,57.1250,57.2100,1.21 M,03/31/16,-0.28999999999999915,-0.504347826086955
JWN,57.5100,57.9800,57.1500,57.5000,1.15 M,03/30/16,0.18999999999999773,0.33153027394869605
JWN,56.8600,57.4500,56.6000,57.3100,1.45 M,03/29/16,0.6099999999999994,1.0758377425044081
JWN,55.9700,57.2400,55.9100,56.7000,1.34 M,03/28/16,0.730000000000004,1.304270144720393
JWN,55.9000,56.0700,55.4500,55.9700,2.03 M,03/24/16,-0.07000000000000028,-0.12491077801570358
JWN,56.8400,56.8700,55.9000,56.0400,2.11 M,03/23/16,-0.7100000000000009,-1.2511013215859046
JWN,57.6400,58.1900,56.7200,56.7500,2.58 M,03/22/16,-0.9200000000000017,-1.5952835096237241
JWN,57.8800,58.7000,57.4000,57.6700,2.45 M,03/21/16,-0.8500000000000014,-1.4524948735475074
JWN,58.0100,59.3700,57.2700,58.5200,3.67 M,03/18/16,0.30000000000000426,0.5152868430092825
JWN,56.8500,58.5000,56.5000,58.2200,2.34 M,03/17/16,1.3699999999999974,2.409850483729107
JWN,56.2700,56.9880,56.0200,56.8500,1.75 M,03/16/16,0.0799999999999983,0.14091949973577292
JWN,55.8100,56.8900,55.5000,56.7700,2.42 M,03/15/16,0.7100000000000009,1.2665001783803083
JWN,56.0200,56.5200,55.6000,56.0600,1.80 M,03/14/16,-0.4299999999999997,-0.7611966719773406
JWN,57.2700,57.6496,56.0300,56.4900,2.68 M,03/11/16,-0.519999999999996,-0.9121206805823471
JWN,56.2900,57.0800,55.6300,57.0100,4.07 M,03/10/16,1.1699999999999946,2.095272206303715
JWN,55.3900,56.2500,54.9600,55.8400,3.37 M,03/09/16,0.730000000000004,1.3246234803121102
JWN,54.0100,55.9900,54.0000,55.1100,4.83 M,03/08/16,0.4200000000000017,0.7679648930334645
JWN,53.1000,55.5600,53.0200,54.6900,4.18 M,03/07/16,0.17999999999999972,0.3302146395156847
JWN,53.0400,55.3100,52.5700,54.5100,6.38 M,03/04/16,1.4499999999999957,2.732755371277791
JWN,52.5400,53.2200,52.1500,53.0600,2.01 M,03/03/16,0.3100000000000023,0.5876777251184877
JWN,52.3700,52.8300,52.1200,52.7500,3.08 M,03/02/16,0.46000000000000085,0.8797093134442548
JWN,51.6700,52.3600,51.0800,52.2900,2.58 M,03/01/16,0.9699999999999989,1.8901013250194834
JWN,52.3200,52.5000,51.2300,51.3200,3.37 M,02/29/16,-1.1899999999999977,-2.2662350028565945
JWN,52.7200,52.7600,51.8100,52.5100,2.33 M,02/26/16,0.0799999999999983,0.15258439824527617
JWN,51.9000,52.7600,50.6500,52.4300,2.84 M,02/25/16,0.509999999999998,0.98228043143297
JWN,50.5200,52.0000,49.4800,51.9200,3.54 M,02/24/16,1.0600000000000023,2.084152575697999
JWN,51.4000,51.5700,50.1900,50.8600,2.75 M,02/23/16,-0.509999999999998,-0.9927973525403894
JWN,49.3200,51.3900,49.3200,51.3700,4.71 M,02/22/16,2.1999999999999957,4.474272930648761
JWN,47.8500,49.7500,46.6500,49.1700,18.95 M,02/19/16,-3.549999999999997,-6.733687405159327
JWN,52.1600,53.0700,51.1700,52.7200,8.33 M,02/18/16,0.46999999999999886,0.8995215311004763
JWN,51.3400,52.7800,51.0800,52.2500,7.12 M,02/17/16,1.3500000000000014,2.6522593320235783
JWN,49.6400,51.6400,49.5100,50.9000,4.48 M,02/16/16,1.990000000000002,4.06869760785116
JWN,49.0500,49.7000,47.3000,48.9100,3.80 M,02/12/16,-0.28000000000000114,-0.5692213864606651
JWN,48.5800,49.3700,47.9700,49.1900,3.02 M,02/11/16,0.0,0.0
JWN,50.6200,50.8600,49.1500,49.1900,2.63 M,02/10/16,-1.1500000000000057,-2.284465633690913
JWN,50.2200,51.7300,50.0900,50.3400,4.45 M,02/09/16,-0.509999999999998,-1.0029498525073708
JWN,48.1500,51.8900,47.9650,50.8500,6.71 M,02/08/16,2.6700000000000017,5.541718555417189
JWN,47.4300,48.9500,46.7040,48.1800,4.68 M,02/05/16,0.75,1.5812776723592663
JWN,49.2800,49.2800,46.7950,47.4300,5.56 M,02/04/16,-3.1000000000000014,-6.134969325153376
JWN,49.3300,50.7800,48.8400,50.5300,4.04 M,02/03/16,1.3700000000000045,2.7868185516680324
JWN,50.1800,50.1800,48.6600,49.1600,3.15 M,02/02/16,-0.7700000000000031,-1.5421590226316906
JWN,48.4600,50.1900,47.8100,49.9300,2.89 M,02/01/16,0.8299999999999983,1.6904276985743345
JWN,48.4300,49.1800,48.2000,49.1000,2.12 M,01/29/16,1.1099999999999994,2.3129818712231702
JWN,49.6800,49.8100,47.4800,47.9900,1.68 M,01/28/16,-0.030000000000001137,-0.0624739691795109
JWN,47.6900,48.8500,47.6600,48.0200,1.83 M,01/27/16,-0.01999999999999602,-0.04163197335552877
JWN,47.3700,48.2900,47.0800,48.0400,2.12 M,01/26/16,1.1700000000000017,2.4962662684019667
JWN,47.9300,48.1900,46.7600,46.8700,3.19 M,01/25/16,-1.1500000000000057,-2.3948354852145055
JWN,48.3000,49.1000,47.5500,48.0200,4.24 M,01/22/16,0.28000000000000114,0.5865102639296211
JWN,46.2900,48.2250,45.9700,47.7400,5.49 M,01/21/16,1.6400000000000006,3.557483731019524
JWN,45.5400,46.6200,44.6900,46.1000,4.65 M,01/20/16,-0.03999999999999915,-0.08669267446900553
JWN,45.7600,46.4700,44.5600,46.1400,4.36 M,01/19/16,0.6899999999999977,1.518151815181513
JWN,44.4900,46.0400,44.4900,45.4500,3.83 M,01/15/16,-0.3399999999999963,-0.7425202009172228
JWN,46.0600,46.5450,44.6300,45.7900,3.56 M,01/14/16,-0.1600000000000037,-0.3482045701849917
JWN,47.2000,47.6000,45.8400,45.9500,2.81 M,01/13/16,-1.1699999999999946,-2.483022071307289
JWN,47.3700,47.5500,46.3200,47.1200,2.97 M,01/12/16,0.30999999999999517,0.6622516556291287
JWN,46.5300,47.3000,45.8800,46.8100,3.70 M,01/11/16,0.5700000000000003,1.2326989619377169
JWN,48.4800,48.5100,46.1400,46.2400,4.02 M,01/08/16,-2.259999999999998,-4.659793814432986
JWN,47.0700,49.6300,47.0200,48.5000,7.62 M,01/07/16,0.00999999999999801,0.020622808826558075
JWN,49.0400,49.3100,47.7100,48.4900,4.22 M,01/06/16,-1.4799999999999969,-2.961777066239738
JWN,49.6200,50.7000,48.7100,49.9700,5.31 M,01/05/16,-0.1600000000000037,-0.3191701575902727
JWN,49.3000,50.2000,48.7100,50.1300,4.52 M,01/04/16,0.3200000000000003,0.6424412768520383
JWN,50.2100,50.5500,49.7200,49.8100,2.40 M,12/31/15,-0.5,-0.9938382031405287
JWN,50.8300,51.2900,50.2600,50.3100,1.66 M,12/30/15,-0.5700000000000003,-1.1202830188679251
JWN,50.8200,51.7800,50.7300,50.8800,2.43 M,12/29/15,0.5300000000000011,1.0526315789473706
JWN,50.6200,51.1400,50.0000,50.3500,2.17 M,12/28/15,-0.6000000000000014,-1.1776251226692864
JWN,51.5000,51.6100,50.5300,50.9500,889431,12/24/15,-0.6099999999999994,-1.1830876648564768
JWN,51.2700,51.8600,50.4400,51.5600,2.67 M,12/23/15,0.75,1.4760873843731548
JWN,49.8600,51.1300,49.3400,50.8100,3.53 M,12/22/15,0.7600000000000051,1.5184815184815288
JWN,50.9600,51.1700,49.4300,50.0500,3.65 M,12/21/15,-0.5300000000000011,-1.0478449980229363
JWN,51.2200,51.5400,49.9800,50.5800,6.23 M,12/18/15,-0.7600000000000051,-1.4803272302298502
JWN,54.1500,54.1500,51.2700,51.3400,5.95 M,12/17/15,-2.739999999999995,-5.0665680473372685
JWN,54.9700,55.2000,53.0800,54.0800,5.15 M,12/16/15,-0.4299999999999997,-0.7888460832874697
JWN,55.0000,55.4100,54.3100,54.5100,4.43 M,12/15/15,-0.25,-0.4565376186997809
JWN,55.7500,56.3140,54.2500,54.7600,4.81 M,12/14/15,-0.6700000000000017,-1.2087317337182062
JWN,56.0000,56.2900,55.2400,55.4300,3.54 M,12/11/15,-1.3400000000000034,-2.360401620574253
JWN,56.9400,57.9300,56.6200,56.7700,2.63 M,12/10/15,0.10000000000000142,0.1764602082230482
JWN,56.2800,57.8400,56.1500,56.6700,3.55 M,12/09/15,-0.1700000000000017,-0.29908515130190305
JWN,56.0000,57.7700,55.8700,56.8400,4.11 M,12/08/15,0.4000000000000057,0.7087172218285005
JWN,56.7000,56.7000,54.6600,56.4400,7.05 M,12/07/15,-0.6400000000000006,-1.1212333566923627
JWN,56.7800,57.6400,56.2800,57.0800,4.86 M,12/04/15,0.0799999999999983,0.14035087719297945
JWN,56.8000,57.2300,55.6200,57.0000,5.18 M,12/03/15,0.39000000000000057,0.688924218335984
JWN,56.9900,57.7100,56.3000,56.6100,3.34 M,12/02/15,-0.14000000000000057,-0.24669603524229175
JWN,56.5000,56.9700,56.1000,56.7500,3.49 M,12/01/15,0.4399999999999977,0.781388740898593
JWN,57.4500,57.6600,56.0850,56.3100,5.00 M,11/30/15,-1.2999999999999972,-2.256552681826067
JWN,57.6800,58.0600,57.0600,57.6100,1.40 M,11/27/15,-0.17999999999999972,-0.311472573109534
JWN,57.7100,58.2700,57.4000,57.7900,2.10 M,11/25/15,0.0799999999999983,0.13862415525905095
JWN,56.5900,58.6400,56.5200,57.7100,3.59 M,11/24/15,0.9500000000000028,1.6737138830162137
JWN,55.9500,57.6200,55.7200,56.7600,4.33 M,11/23/15,0.7999999999999972,1.429592566118651
JWN,56.1900,56.9900,55.8200,55.9600,3.02 M,11/20/15,0.35999999999999943,0.6474820143884882
JWN,55.4400,55.9957,54.9100,55.6000,3.12 M,11/19/15,-0.03999999999999915,-0.07189072609633204
JWN,54.8300,55.7500,54.3100,55.6400,3.66 M,11/18/15,1.0,1.830161054172767
JWN,55.5100,55.5800,53.7600,54.6400,3.42 M,11/17/15,-0.0899999999999963,-0.16444363237711732
JWN,53.5100,55.0000,52.8199,54.7300,6.57 M,11/16/15,0.769999999999996,1.4269829503335731
JWN,50.4900,54.3400,50.4300,53.9600,23.93 M,11/13/15,-9.509999999999998,-14.983456751221047
JWN,62.3200,64.5100,62.3100,63.4700,6.74 M,11/12/15,1.1499999999999986,1.8453145057766345
JWN,63.2300,63.5600,61.0600,62.3200,4.70 M,11/11/15,-2.4100000000000037,-3.7231577321180342
JWN,62.9400,64.8400,62.3000,64.7300,3.03 M,11/10/15,2.030000000000001,3.237639553429029
JWN,65.5000,65.5100,62.1900,62.7000,4.13 M,11/09/15,-3.0999999999999943,-4.711246200607894
JWN,66.5300,66.9900,65.7300,65.8000,1.92 M,11/06/15,-0.8800000000000097,-1.3197360527894564
JWN,66.5000,66.9800,65.6200,66.6800,1.68 M,11/05/15,0.2600000000000051,0.3914483589280414
JWN,67.1100,67.2300,66.0900,66.4200,1.40 M,11/04/15,-0.5699999999999932,-0.850873264666358
JWN,66.0700,67.2700,65.8800,66.9900,2.23 M,11/03/15,1.789999999999992,2.7453987730061225
JWN,65.0800,65.4900,63.5000,65.2000,2.23 M,11/02/15,-0.009999999999990905,-0.015335071308067636
JWN,64.7800,65.6300,64.3900,65.2100,1.53 M,10/30/15,0.5099999999999909,0.7882534775888577
JWN,64.8400,64.8400,63.9200,64.7000,1.10 M,10/29/15,0.04000000000000625,0.06186204763378635
JWN,64.9100,65.8600,63.9300,64.6600,1.98 M,10/28/15,0.0799999999999983,0.12387736141219928
JWN,65.4000,65.4000,63.7300,64.5800,2.13 M,10/27/15,-0.6500000000000057,-0.9964740150237708
JWN,64.7700,65.3300,63.7300,65.2300,2.09 M,10/26/15,0.2400000000000091,0.3692875827050456
JWN,67.9500,68.6700,64.6100,64.9900,2.46 M,10/23/15,-3.5200000000000102,-5.137936067727353
JWN,68.0000,68.8100,67.5800,68.5100,1.57 M,10/22/15,0.8299999999999983,1.226359338061463
JWN,68.8600,69.5400,67.5900,67.6800,1.78 M,10/21/15,-0.8499999999999943,-1.24033270100685
JWN,68.2800,69.1900,68.0100,68.5300,1.36 M,10/20/15,0.09000000000000341,0.1315020455873808
JWN,67.2000,68.4800,66.9300,68.4400,1.52 M,10/19/15,1.1700000000000017,1.7392596997175587
JWN,67.5700,67.9100,66.7200,67.2700,1.21 M,10/16/15,-0.15000000000000568,-0.22248590922575745
JWN,67.2600,67.4700,65.7550,67.4200,1.96 M,10/15/15,0.5499999999999972,0.8224914012262556
JWN,68.7000,69.0300,66.5700,66.8700,2.42 M,10/14/15,-1.6599999999999966,-2.4222968043192714
JWN,68.7800,69.3300,68.1000,68.5300,1.48 M,10/13/15,-0.29999999999999716,-0.4358564579398477
JWN,68.5700,69.0500,68.1000,68.8300,1.03 M,10/12/15,0.3999999999999915,0.5845389449071919
JWN,68.8800,69.3300,68.2700,68.4300,1.46 M,10/09/15,-0.539999999999992,-0.7829491083079485
JWN,67.9400,69.1500,67.7300,68.9700,1.95 M,10/08/15,1.0100000000000051,1.4861683343143102
JWN,69.5000,69.7000,67.5000,67.9600,2.68 M,10/07/15,-5.310000000000002,-7.24716800873482
JWN,74.3000,75.0800,73.1500,73.2700,2.40 M,10/06/15,-1.0700000000000074,-1.4393327952650086
JWN,75.4900,75.6725,73.2800,74.3400,4.19 M,10/05/15,-0.7800000000000011,-1.0383386581469662
JWN,72.2500,75.2050,70.5900,75.1200,4.70 M,10/02/15,3.6899999999999977,5.165896682066355
JWN,71.6100,71.9000,70.6100,71.4300,1.51 M,10/01/15,-0.2799999999999869,-0.39046158136938636
JWN,70.9900,71.7800,70.8700,71.7100,1.30 M,09/30/15,1.269999999999996,1.8029528676888076
JWN,70.7900,71.0000,69.9100,70.4400,1.64 M,09/29/15,-0.45000000000000284,-0.6347862886161699
JWN,72.8600,72.9999,70.8200,70.8900,1.25 M,09/28/15,-2.0999999999999943,-2.8771064529387513
JWN,73.5400,73.9300,72.7900,72.9900,857410,09/25/15,-0.10000000000000853,-0.13681762210973938
JWN,73.1900,73.4900,72.7100,73.0900,980095,09/24/15,-0.5499999999999972,-0.7468766974470358
JWN,73.7400,74.1200,73.0800,73.6400,812547,09/23/15,-0.060000000000002274,-0.08141112618724868
JWN,73.7900,74.2500,73.4100,73.7000,706671,09/22/15,-0.6799999999999926,-0.9142242538316653
JWN,74.3000,75.0300,73.7900,74.3800,888154,09/21/15,0.539999999999992,0.7313109425785373
JWN,73.5400,75.0100,73.4300,73.8400,1.86 M,09/18/15,-0.47999999999998977,-0.645855758880503
JWN,74.4900,75.4250,74.0500,74.3200,1.04 M,09/17/15,0.01999999999999602,0.026917900403763153
JWN,73.5700,74.4000,73.2900,74.3000,1.19 M,09/16/15,0.46999999999999886,0.6365975890559378
JWN,74.0500,74.9900,73.7800,73.8300,1.85 M,09/15/15,0.6499999999999915,0.8882208253621091
JWN,73.3800,73.7200,72.9500,73.1800,870401,09/14/15,-0.4199999999999875,-0.5706521739130266
JWN,73.4200,73.6400,72.5700,73.6000,1.33 M,09/11/15,-0.1600000000000108,-0.216919739696327
JWN,73.0200,74.2500,72.9420,73.7600,1.25 M,09/10/15,0.5700000000000074,0.7787949173384443
JWN,74.9600,75.3500,73.0900,73.1900,1.36 M,09/09/15,-1.230000000000004,-1.6527815103466863
JWN,73.9800,74.4900,73.6000,74.4200,1.01 M,09/08/15,1.519999999999996,2.085048010973931
JWN,72.9200,73.4200,72.4400,72.9000,909562,09/04/15,-0.5599999999999881,-0.7623196297304494
JWN,73.2900,74.4600,73.1000,73.4600,940417,09/03/15,0.5599999999999881,0.7681755829903814
JWN,72.2900,72.9300,71.8500,72.9000,973890,09/02/15,1.240000000000009,1.7303935249790805
JWN,71.6500,72.6500,71.2900,71.6600,1.43 M,09/01/15,-1.2199999999999989,-1.673984632272227
JWN,73.0800,73.7700,72.5850,72.8800,1.31 M,08/31/15,-0.480000000000004,-0.6543075245365376
JWN,73.3700,73.6200,72.9600,73.3600,1.16 M,08/28/15,0.04000000000000625,0.054555373704318406
JWN,73.8600,74.3400,72.1800,73.3200,2.00 M,08/27/15,-0.480000000000004,-0.6504065040650461
JWN,72.8200,73.8200,71.4500,73.8000,1.60 M,08/26/15,2.469999999999999,3.46277863451563
JWN,73.9200,73.9200,71.3100,71.3300,1.57 M,08/25/15,-0.7800000000000011,-1.0816807654971587
JWN,73.1200,74.2299,70.7000,72.1100,2.40 M,08/24/15,-3.0799999999999983,-4.096289400186193
JWN,77.1700,77.6700,75.1800,75.1900,1.38 M,08/21/15,-2.530000000000001,-3.2552753474009277
JWN,77.9500,78.5000,77.5000,77.7200,1.05 M,08/20/15,-0.980000000000004,-1.2452350698856467
JWN,78.4500,79.3900,78.1500,78.7000,1.09 M,08/19/15,-0.009999999999990905,-0.012704865963652529
JWN,79.0900,79.3600,78.1700,78.7100,1.16 M,08/18/15,-0.3300000000000125,-0.41751012145750566
JWN,78.2800,79.0900,77.8100,79.0400,2.02 M,08/17/15,0.9100000000000108,1.1647254575707293
JWN,78.6000,79.9800,77.3801,78.1300,6.49 M,08/14/15,3.2099999999999937,4.284570208222095
JWN,74.6800,75.6000,74.5600,74.9200,4.09 M,08/13/15,-0.5900000000000034,-0.7813534631174723
JWN,75.4600,75.8300,73.8600,75.5100,1.76 M,08/12/15,-0.7299999999999898,-0.957502623294845
JWN,75.6200,77.1200,75.2600,76.2400,1.70 M,08/11/15,0.25,0.3289906566653507
JWN,75.4100,76.4200,75.2300,75.9900,1.14 M,08/10/15,1.0799999999999983,1.4417300760913074
JWN,74.5100,75.0100,74.2300,74.9100,1.11 M,08/07/15,0.4299999999999926,0.5773361976369396
JWN,75.4600,75.5120,73.9000,74.4800,1.46 M,08/06/15,-1.0300000000000011,-1.364057740696598
JWN,76.5800,77.5800,75.4500,75.5100,2.31 M,08/05/15,-0.75,-0.9834775767112509
JWN,76.0800,76.4500,75.7400,76.2600,976573,08/04/15,0.3400000000000034,0.4478398314014797
JWN,76.2200,76.4000,75.5500,75.9200,576444,08/03/15,-0.39000000000000057,-0.5110732538330501
JWN,76.7300,76.8100,76.2400,76.3100,1.39 M,07/31/15,-0.030000000000001137,-0.0392978779145941
JWN,76.2200,76.7299,76.0900,76.3400,1.02 M,07/30/15,0.04000000000000625,0.05242463958061108
JWN,76.4300,76.7100,76.1205,76.3000,1.37 M,07/29/15,0.009999999999990905,0.01310787783456666
JWN,77.4800,77.4800,76.2300,76.2900,1.52 M,07/28/15,-1.039999999999992,-1.3448855554118608
JWN,76.9600,77.4200,76.5300,77.3300,1.14 M,07/27/15,0.12999999999999545,0.1683937823834138
JWN,78.2100,78.3800,77.1700,77.2000,986049,07/24/15,-0.8199999999999932,-1.0510125608818164
JWN,79.0000,79.2320,77.9700,78.0200,785006,07/23/15,-0.9699999999999989,-1.228003544752499
JWN,78.3800,79.6000,78.2700,78.9900,1.00 M,07/22/15,0.7099999999999937,0.9070005109861954
JWN,78.8300,79.4300,78.2500,78.2800,1.20 M,07/21/15,-0.6200000000000045,-0.7858048162230729
JWN,78.9300,79.4300,78.6620,78.9000,726767,07/20/15,0.2400000000000091,0.3051106025934517
JWN,79.2500,79.2600,78.5500,78.6600,742361,07/17/15,-0.8599999999999994,-1.081488933601609
JWN,78.6800,80.2300,78.3400,79.5200,1.56 M,07/16/15,0.8699999999999903,1.1061665607120028
JWN,77.9600,79.1800,77.7200,78.6500,1.26 M,07/15/15,0.6400000000000006,0.8204076400461486
JWN,78.1000,78.3300,77.7000,78.0100,823700,07/14/15,-0.01999999999999602,-0.02563116749967451
JWN,77.8800,78.4300,77.7100,78.0300,876863,07/13/15,0.6500000000000057,0.84001033858879
JWN,77.4700,77.4900,76.7800,77.3800,837294,07/10/15,0.9099999999999966,1.1900091539165643
JWN,77.2400,77.2400,76.2000,76.4700,1.44 M,07/09/15,0.12000000000000455,0.15717092337918082
JWN,78.1700,78.1700,76.2000,76.3500,1.68 M,07/08/15,-1.6099999999999994,-2.0651616213442785
JWN,75.5400,78.0200,75.0600,77.9600,2.19 M,07/07/15,2.6799999999999926,3.5600425079702345
JWN,74.5200,75.6670,74.4700,75.2800,886246,07/06/15,0.1599999999999966,0.21299254526091133
JWN,75.3200,75.8650,74.9100,75.1200,658007,07/02/15,-0.1799999999999926,-0.2390438247011854
JWN,75.0200,75.3300,74.5300,75.3000,659792,07/01/15,0.7999999999999972,1.073825503355701
JWN,75.0000,75.0700,74.0200,74.5000,1.17 M,06/30/15,0.20000000000000284,0.2691790040376889
JWN,75.4200,75.7700,74.2500,74.3000,1.60 M,06/29/15,-1.9000000000000057,-2.493438320209981
JWN,75.3300,76.3600,75.3300,76.2000,839267,06/26/15,0.769999999999996,1.0208139997348482
JWN,76.1500,76.4700,75.3100,75.4300,852543,06/25/15,-0.4399999999999977,-0.5799393699749541
JWN,75.9600,76.4300,75.8200,75.8700,1.06 M,06/24/15,-0.14999999999999147,-0.1973164956590259
JWN,75.6900,76.5200,75.4501,76.0200,953465,06/23/15,0.5799999999999983,0.7688229056203583
JWN,75.5800,75.9800,75.2925,75.4400,708044,06/22/15,0.21999999999999886,0.2924754054772652
JWN,75.2800,75.9200,75.0000,75.2200,1.25 M,06/19/15,-0.3299999999999983,-0.43679682329582836
JWN,75.2000,75.7000,75.0400,75.5500,1.17 M,06/18/15,0.4299999999999926,0.5724174653887015
JWN,73.8500,75.4800,73.8000,75.1200,1.71 M,06/17/15,1.7600000000000051,2.3991275899672915
JWN,73.0800,73.5500,73.0800,73.3600,693777,06/16/15,0.20999999999999375,0.2870813397129101
JWN,73.4300,73.7900,72.8500,73.1500,829299,06/15/15,-0.8299999999999983,-1.1219248445525793
JWN,73.3500,74.1000,73.1200,73.9800,929626,06/12/15,0.35999999999999943,0.48899755501222414
JWN,73.7500,74.4300,73.5700,73.6200,775381,06/11/15,0.010000000000005116,0.013585110718659307
JWN,73.6100,73.7300,73.2100,73.6100,647538,06/10/15,0.45000000000000284,0.6150902132312779
JWN,73.4100,73.7200,72.9200,73.1600,904467,06/09/15,-0.23000000000000398,-0.31339419539447333
JWN,73.5000,73.9700,73.2500,73.3900,860649,06/08/15,-0.18999999999999773,-0.25822234302799363
JWN,73.2500,73.8500,73.0000,73.5800,1.04 M,06/05/15,0.2600000000000051,0.3546099290780212
JWN,72.7400,74.1200,72.0100,73.3200,1.33 M,06/04/15,-0.960000000000008,-1.292407108239106
JWN,73.5900,74.5100,73.5100,74.2800,940508,06/03/15,0.7199999999999989,0.9787928221859691
JWN,73.0400,74.6900,73.0400,73.5600,1.73 M,06/02/15,0.3100000000000023,0.42320819112628294
JWN,72.6500,73.8600,72.6400,73.2500,1.40 M,06/01/15,0.6099999999999994,0.8397577092511005
JWN,73.5100,73.7200,72.5100,72.6400,1.51 M,05/29/15,-0.9899999999999949,-1.3445606410430462
JWN,74.1100,74.3300,73.4200,73.6300,1.22 M,05/28/15,-0.3500000000000085,-0.4731008380643532
JWN,74.0500,74.3400,73.3900,73.9800,1.22 M,05/27/15,-0.4099999999999966,-0.5511493480306446
JWN,75.5300,76.7850,74.2900,74.3900,2.05 M,05/26/15,-0.8400000000000034,-1.1165758341087377
JWN,75.3300,76.0100,75.0120,75.2300,1.08 M,05/22/15,-0.09999999999999432,-0.1327492366918815
JWN,74.4700,75.5000,74.1800,75.3300,1.11 M,05/21/15,0.6200000000000045,0.8298755186722053
JWN,74.5400,74.9100,74.1500,74.7100,1.11 M,05/20/15,0.23999999999999488,0.32227742715186636
JWN,75.2200,75.3800,74.3500,74.4700,1.31 M,05/19/15,-0.6899999999999977,-0.9180415114422535
JWN,74.9000,75.2100,74.3300,75.1600,1.59 M,05/18/15,0.35999999999999943,0.4812834224598923
JWN,74.5900,75.3300,73.5400,74.8000,3.86 M,05/15/15,0.6499999999999915,0.876601483479422
JWN,75.8500,75.9164,73.7300,74.1500,3.54 M,05/14/15,-2.019999999999996,-2.6519627149796454
JWN,76.7400,77.0440,75.7400,76.1700,1.16 M,05/13/15,-0.769999999999996,-1.0007798284377385
JWN,76.5200,77.3900,76.3650,76.9400,1.06 M,05/12/15,-0.030000000000001137,-0.038976224503054616
JWN,77.1900,77.4800,76.9402,76.9700,912845,05/11/15,-0.29999999999999716,-0.3882489970234207
JWN,77.4300,78.0400,77.0300,77.2700,1.16 M,05/08/15,0.4899999999999949,0.6381870278718349
JWN,75.6000,77.0700,75.4600,76.7800,1.38 M,05/07/15,1.3400000000000034,1.7762460233298032
JWN,75.5700,75.8800,74.6200,75.4400,1.16 M,05/06/15,0.009999999999990905,0.013257324671869155
JWN,75.9800,76.3800,75.3401,75.4300,1.01 M,05/05/15,-0.6099999999999994,-0.8022093634928976
JWN,76.2600,76.3300,75.7500,76.0400,1.26 M,05/04/15,-0.05999999999998806,-0.07884362680681743
JWN,75.4300,76.2300,75.4300,76.1000,1.72 M,05/01/15,0.539999999999992,0.7146638433033246
JWN,76.2900,76.5300,75.2700,75.5600,1.86 M,04/30/15,-1.0600000000000023,-1.383450796136782
JWN,77.1500,77.3690,76.2100,76.6200,1.14 M,04/29/15,-0.7199999999999989,-0.9309542280837844
JWN,76.7400,77.6700,76.0800,77.3400,1.15 M,04/28/15,0.21999999999999886,0.28526970954356695
JWN,78.5000,78.9400,77.0750,77.1200,923370,04/27/15,-1.039999999999992,-1.330603889457513
JWN,78.6700,78.6700,78.0900,78.1600,589682,04/24/15,-0.3299999999999983,-0.42043572429608655
JWN,78.0000,78.8100,77.9600,78.4900,669982,04/23/15,0.47999999999998977,0.6153057300345978
JWN,77.4700,78.0300,77.0400,78.0100,793209,04/22/15,0.4000000000000057,0.5153975003221307
JWN,76.8600,77.8200,76.8600,77.6100,1.02 M,04/21/15,0.9099999999999966,1.1864406779660972
JWN,76.8800,76.9000,76.2500,76.7000,1.05 M,04/20/15,0.269999999999996,0.3532644249640141
JWN,77.9500,78.1100,76.3300,76.4300,2.09 M,04/17/15,-2.069999999999993,-2.636942675159227
JWN,78.0900,78.6900,77.8100,78.5000,1.04 M,04/16/15,0.3400000000000034,0.4350051177072715
JWN,79.4700,79.9400,78.0700,78.1600,1.06 M,04/15/15,-1.0300000000000011,-1.3006692764237924
JWN,79.8200,80.0400,78.7350,79.1900,876562,04/14/15,-0.8599999999999994,-1.0743285446595872
JWN,80.0000,80.8100,79.7100,80.0500,770494,04/13/15,-0.18999999999999773,-0.23678963110667714
JWN,80.1800,80.8000,79.9400,80.2400,614137,04/10/15,0.22999999999998977,0.28746406699161325
JWN,80.6300,80.9200,79.6800,80.0100,1.04 M,04/09/15,-0.4899999999999949,-0.6086956521739066
JWN,79.9900,80.7800,79.7500,80.5000,1.24 M,04/08/15,0.6400000000000006,0.801402454295017
JWN,80.2700,80.7600,79.8200,79.8600,548083,04/07/15,-0.4300000000000068,-0.5355586000747375
JWN,79.6500,80.8000,79.2500,80.2900,987436,04/06/15,0.3300000000000125,0.412706353176604
JWN,79.5500,80.1400,79.0900,79.9600,1.10 M,04/02/15,0.4099999999999966,0.5153991200502785
JWN,80.2300,80.2578,79.0600,79.5500,1.01 M,04/01/15,-0.769999999999996,-0.9586653386454135
JWN,79.7000,81.3500,79.5300,80.3200,1.17 M,03/31/15,0.29999999999999716,0.37490627343163857
JWN,79.9400,80.5400,79.6600,80.0200,1.05 M,03/30/15,0.28999999999999204,0.3637275805844626
JWN,78.9400,80.1100,78.7300,79.7300,676616,03/27/15,0.5900000000000034,0.7455142784938128
JWN,79.5500,79.7200,78.6850,79.1400,1.10 M,03/26/15,-0.730000000000004,-0.9139852259922423
JWN,81.5100,81.6000,79.8500,79.8700,980882,03/25/15,-1.759999999999991,-2.156070072277338
JWN,81.7800,82.3400,81.5900,81.6300,724353,03/24/15,-0.35999999999999943,-0.43907793633369857
JWN,82.0000,83.1600,81.5700,81.9900,1.01 M,03/23/15,-0.3299999999999983,-0.4008746355685111
JWN,81.2800,82.4200,81.1600,82.3200,1.16 M,03/20/15,1.1199999999999903,1.3793103448275743
JWN,80.5500,81.2900,80.2600,81.2000,765468,03/19/15,0.710000000000008,0.8820971549260878
JWN,80.2500,80.7800,79.1800,80.4900,959013,03/18/15,0.28000000000000114,0.3490836554045645
JWN,80.0000,80.5000,79.7800,80.2100,727444,03/17/15,-0.020000000000010232,-0.024928331048249073
JWN,80.5000,80.8500,79.4700,80.2300,1.61 M,03/16/15,-0.12999999999999545,-0.1617720258835185
JWN,80.2500,80.5500,79.6900,80.3600,597868,03/13/15,0.0799999999999983,0.09965122072745179
JWN,79.5000,80.4200,79.4500,80.2800,774794,03/12/15,1.0100000000000051,1.2741264034313173
JWN,79.4400,79.9000,79.2000,79.2700,666250,03/11/15,-0.1700000000000017,-0.2139979859013113
JWN,80.0300,80.2600,79.2050,79.4400,1.17 M,03/10/15,-0.9000000000000057,-1.1202389843166614
JWN,80.8100,80.8101,80.0000,80.3400,960245,03/09/15,-0.519999999999996,-0.6430868167202524
JWN,80.0700,81.5200,80.0300,80.8600,1.40 M,03/06/15,0.20999999999999375,0.260384376937376
JWN,80.0000,81.4900,79.7500,80.6500,1.52 M,03/05/15,0.7000000000000028,0.8755472170106352
JWN,79.5100,80.1300,78.9900,79.9500,1.16 M,03/04/15,-0.01999999999999602,-0.02500937851693888
JWN,80.7600,80.8860,79.7200,79.9700,792197,03/03/15,-0.710000000000008,-0.8800198314328308
JWN,80.5000,80.8900,79.8900,80.6800,1.20 M,03/02/15,0.25,0.3108292925525301
JWN,81.0600,81.7200,80.3500,80.4300,1.32 M,02/27/15,-0.4199999999999875,-0.519480519480504
JWN,81.1300,81.4300,80.6800,80.8500,982271,02/26/15,-0.3400000000000034,-0.41877078457938594
JWN,80.4800,81.5900,80.0100,81.1900,1.51 M,02/25/15,0.6299999999999955,0.7820258192651384
JWN,80.9400,81.4900,80.2750,80.5600,1.24 M,02/24/15,-0.5499999999999972,-0.6780914807052116
JWN,81.7100,81.7100,80.6500,81.1100,2.05 M,02/23/15,-0.6299999999999955,-0.7707364815267868
JWN,77.6700,81.7800,77.6300,81.7400,6.84 M,02/20/15,4.599999999999994,5.963183821623016
JWN,78.2800,78.6300,76.8200,77.1400,3.92 M,02/19/15,-0.9099999999999966,-1.1659192825112064
JWN,78.7800,79.3100,77.5700,78.0500,2.08 M,02/18/15,-0.8500000000000085,-1.077313054499377
JWN,78.2500,79.4300,78.1800,78.9000,1.50 M,02/17/15,-0.5099999999999909,-0.6422364941443028
JWN,79.5300,79.6500,79.1300,79.4100,708226,02/13/15,0.03999999999999204,0.05039687539371556
JWN,79.2400,79.4600,78.5800,79.3700,908212,02/12/15,0.3400000000000034,0.4302163735290439
JWN,79.5000,79.7600,78.7200,79.0300,1.07 M,02/11/15,-0.23000000000000398,-0.29018420388595
JWN,78.9900,79.3800,78.7300,79.2600,997121,02/10/15,0.7400000000000091,0.9424350483953249
JWN,77.9000,78.7100,77.9000,78.5200,1.03 M,02/09/15,0.01999999999999602,0.02547770700636436
JWN,79.0600,79.2400,78.1500,78.5000,804782,02/06/15,-0.2600000000000051,-0.3301168105637444
JWN,79.0500,79.6800,78.5000,78.7600,944558,02/05/15,-0.14000000000000057,-0.17743979721166103
JWN,78.5000,79.2200,78.1300,78.9000,1.21 M,02/04/15,0.010000000000005116,0.012675877804544449
JWN,77.0500,78.9200,76.8100,78.8900,1.36 M,02/03/15,2.3200000000000074,3.0299072743894575
JWN,76.0600,76.7300,74.5100,76.5700,1.30 M,02/02/15,0.36999999999999034,0.48556430446192955
JWN,77.3700,77.7900,76.1300,76.2000,1.29 M,01/30/15,-2.069999999999993,-2.644691452663847
JWN,78.0900,78.7900,77.3299,78.2700,1.08 M,01/29/15,0.4099999999999966,0.5265861803236535
JWN,79.2000,79.8900,77.7700,77.8600,1.35 M,01/28/15,-0.8599999999999994,-1.0924796747967473
JWN,77.3500,79.2600,77.0510,78.7200,1.55 M,01/27/15,0.730000000000004,0.9360174381330991
JWN,76.8800,78.0400,76.7100,77.9900,1.23 M,01/26/15,0.9099999999999966,1.1805915931499698
JWN,77.5000,77.7800,77.0000,77.0800,988693,01/23/15,-0.3200000000000074,-0.41343669250646947
JWN,76.1900,77.5100,75.9800,77.4000,1.13 M,01/22/15,1.4300000000000068,1.8823219691983768
JWN,75.5400,76.4000,75.4900,75.9700,1.01 M,01/21/15,0.2600000000000051,0.3434156650376504
JWN,77.0000,77.2000,75.2200,75.7100,1.27 M,01/20/15,-1.1800000000000068,-1.534659903758625
JWN,75.9600,76.9700,74.8700,76.8900,1.55 M,01/16/15,1.1099999999999994,1.4647664291369746
JWN,77.7100,78.1980,75.7200,75.7800,964180,01/15/15,-1.2600000000000051,-1.6355140186915953
JWN,76.5900,77.3200,75.9400,77.0400,1.28 M,01/14/15,-0.9099999999999966,-1.1674150096215479
JWN,79.1900,79.5700,77.4300,77.9500,1.11 M,01/13/15,-0.4299999999999926,-0.5486093391171123
JWN,78.3800,78.9000,78.0300,78.3800,953294,01/12/15,-0.12000000000000455,-0.15286624203822236
JWN,79.7800,79.7800,78.3000,78.5000,972697,01/09/15,-1.2800000000000011,-1.60441213336676
JWN,79.9500,80.0501,79.4100,79.7800,1.23 M,01/08/15,0.35999999999999943,0.45328632586250245
JWN,78.0900,79.6400,77.7200,79.4200,1.72 M,01/07/15,2.6299999999999955,3.424925120458387
JWN,77.4600,78.0300,76.3200,76.7900,1.44 M,01/06/15,-0.4899999999999949,-0.6340579710144861
JWN,77.7000,77.8100,76.9500,77.2800,1.18 M,01/05/15,-1.0900000000000034,-1.390838330994007
JWN,79.6600,80.0500,77.6000,78.3700,871717,01/02/15,-1.019999999999996,-1.284796573875798
JWN,79.0400,80.5400,79.0400,79.3900,1.38 M,12/31/14,0.6299999999999955,0.7998984255967438
JWN,78.9200,79.3000,78.6200,78.7600,771385,12/30/14,-0.4200000000000017,-0.530436979035112
JWN,78.2500,79.5699,78.1300,79.1800,824539,12/29/14,1.0100000000000051,1.2920557758731037
JWN,78.2900,78.9900,78.0690,78.1700,413786,12/26/14,0.030000000000001137,0.03839262861530732
JWN,78.9200,79.2200,78.1200,78.1400,350815,12/24/14,-0.5799999999999983,-0.7367886178861767
JWN,77.7500,79.0000,77.6350,78.7200,855525,12/23/14,1.2000000000000028,1.5479876160990749
JWN,77.1600,77.7399,76.6600,77.5200,816691,12/22/14,0.4200000000000017,0.5447470817120645
JWN,77.8600,77.9300,76.2100,77.1000,1.90 M,12/19/14,-0.4200000000000017,-0.5417956656346772
JWN,77.0300,77.5800,76.2200,77.5200,1.08 M,12/18/14,1.75,2.3096212221195724
JWN,75.0000,75.9300,74.6300,75.7700,1.16 M,12/17/14,0.9299999999999926,1.2426509887760457
JWN,75.2700,75.7300,74.6600,74.8400,1.54 M,12/16/14,-0.5900000000000034,-0.7821821556409961
JWN,75.0600,76.0800,74.4300,75.4300,1.63 M,12/15/14,0.7800000000000011,1.0448760884125936
JWN,73.9100,75.4000,73.6903,74.6500,1.03 M,12/12/14,0.46000000000000796,0.620029653592139
JWN,74.0600,75.2104,73.9600,74.1900,1.22 M,12/11/14,0.7999999999999972,1.0900667665894497
JWN,74.7400,74.9000,73.2900,73.3900,1.50 M,12/10/14,-1.25,-1.6747052518756698
JWN,74.0000,74.7300,73.7700,74.6400,1.27 M,12/09/14,0.07000000000000739,0.09387153010595065
JWN,75.1700,75.5400,74.3000,74.5700,1.22 M,12/08/14,-0.980000000000004,-1.297154202514896
JWN,75.8200,75.9500,75.3000,75.5500,676539,12/05/14,-0.15000000000000568,-0.19815059445179087
JWN,75.8600,76.0500,75.3010,75.7000,924264,12/04/14,-0.6299999999999955,-0.8253635529935746
JWN,75.7700,76.5100,75.4000,76.3300,814238,12/03/14,0.5600000000000023,0.7390787910782662
JWN,75.8300,76.2100,75.0100,75.7700,947316,12/02/14,0.11999999999999034,0.158625247851937
JWN,76.0700,76.1674,75.1700,75.6500,1.05 M,12/01/14,-0.7099999999999937,-0.9298061812467179
JWN,75.7900,77.2000,75.7900,76.3600,565948,11/28/14,0.9500000000000028,1.2597798700437646
JWN,75.7300,76.0000,75.2500,75.4100,990926,11/26/14,-0.480000000000004,-0.6324943997891738
JWN,76.7500,77.1500,75.7900,75.8900,1.20 M,11/25/14,-0.37000000000000455,-0.4851822711775564
JWN,75.2000,76.4400,75.0920,76.2600,1.16 M,11/24/14,1.1700000000000017,1.558130243707553
JWN,75.7300,75.8700,74.9300,75.0900,1.18 M,11/21/14,0.12000000000000455,0.16006402561025015
JWN,73.6100,75.3000,73.4800,74.9700,1.17 M,11/20/14,1.1599999999999966,1.5716027638531318
JWN,73.4800,73.9100,73.0100,73.8100,1.02 M,11/19/14,0.29000000000000625,0.39445048966268537
JWN,73.0200,73.6800,72.6900,73.5200,1.32 M,11/18/14,0.25,0.3412037668895865
JWN,73.8700,74.3300,73.0900,73.2700,1.62 M,11/17/14,-0.9000000000000057,-1.2134286099501221
JWN,74.2000,75.6800,73.6800,74.1700,4.14 M,11/14/14,0.9200000000000017,1.255972696245736
JWN,72.7200,73.6175,72.3650,73.2500,3.02 M,11/13/14,0.4000000000000057,0.5490734385724169
JWN,70.5400,73.1700,70.2100,72.8500,2.69 M,11/12/14,2.3699999999999903,3.362656072644708
JWN,72.3100,72.3100,70.3450,70.4800,3.71 M,11/11/14,-1.9099999999999966,-2.638485978726339
JWN,73.5500,73.6400,71.8200,72.3900,1.67 M,11/10/14,-1.0400000000000063,-1.416314857687602
JWN,73.4400,73.9300,73.0700,73.4300,1.35 M,11/07/14,-0.25,-0.33930510314875134
JWN,72.4500,73.9400,72.2600,73.6800,1.51 M,11/06/14,1.4200000000000017,1.9651259341267666
JWN,72.5100,72.7400,71.9600,72.2600,943614,11/05/14,0.23000000000000398,0.3193113980286047
JWN,72.0800,72.3900,71.4400,72.0300,1.56 M,11/04/14,-0.5100000000000051,-0.7030603804797423
JWN,72.6000,72.7200,72.0000,72.5400,960578,11/03/14,-0.06999999999999318,-0.09640545379423382
JWN,73.3000,73.7400,72.2900,72.6100,1.25 M,10/31/14,0.20000000000000284,0.27620494406850277
JWN,71.3100,72.9300,71.2000,72.4100,1.15 M,10/30/14,1.0300000000000011,1.4429812272345213
JWN,71.2600,71.9500,70.9200,71.3800,935498,10/29/14,0.11999999999999034,0.1683974179062452
JWN,70.9100,71.4000,70.2200,71.2600,1.17 M,10/28/14,-0.4200000000000017,-0.5859375000000023
JWN,71.2500,71.7900,70.7800,71.6800,894448,10/27/14,0.480000000000004,0.674157303370792
JWN,71.4700,71.6080,70.6900,71.2000,1.27 M,10/24/14,-0.5699999999999932,-0.7942037062839532
JWN,71.5400,72.2495,71.3500,71.7700,1.24 M,10/23/14,0.7299999999999898,1.0275900900900756
JWN,71.5900,72.3870,70.9600,71.0400,1.16 M,10/22/14,-0.5899999999999892,-0.8236772302107905
JWN,70.7000,71.7500,70.3200,71.6300,1.45 M,10/21/14,1.5699999999999932,2.24093634027975
JWN,68.7100,70.2100,68.5500,70.0600,1.15 M,10/20/14,1.0799999999999983,1.5656712090460978
JWN,68.7100,69.5150,67.6500,68.9800,1.77 M,10/17/14,0.6500000000000057,0.9512659154105162
JWN,67.4200,68.7050,66.9200,68.3300,2.17 M,10/16/14,-0.18000000000000682,-0.2627353670997034
JWN,68.9300,69.0700,66.8100,68.5100,2.83 M,10/15/14,-1.2999999999999972,-1.8621973929236457
JWN,69.3100,70.1580,69.0300,69.8100,2.23 M,10/14/14,0.769999999999996,1.115295480880643
JWN,69.7300,70.5000,68.9800,69.0400,1.32 M,10/13/14,-1.0,-1.427755568246716
JWN,69.9000,71.0600,69.6700,70.0400,1.46 M,10/10/14,0.22000000000001307,0.31509596104269993
JWN,70.2900,71.0800,69.7500,69.8200,2.07 M,10/09/14,-0.8300000000000125,-1.1748053786270523
JWN,69.3500,70.7200,68.9700,70.6500,1.56 M,10/08/14,1.3500000000000085,1.9480519480519605
JWN,69.5800,69.8300,68.9450,69.3000,1.30 M,10/07/14,-0.6400000000000006,-0.9150700600514735
JWN,70.4300,70.7000,69.9200,69.9400,2.17 M,10/06/14,-0.3500000000000085,-0.4979371176554396
JWN,69.2300,70.4700,69.0850,70.2900,1.81 M,10/03/14,1.460000000000008,2.1211680953072904
JWN,67.5000,69.0200,67.4500,68.8300,1.41 M,10/02/14,1.25,1.8496596626220776
JWN,68.3600,68.3600,66.0800,67.5800,1.99 M,10/01/14,-0.7900000000000063,-1.1554775486324502
JWN,68.5800,68.7300,67.8800,68.3700,1.27 M,09/30/14,-0.28999999999999204,-0.42237110399066713
JWN,68.4600,68.9500,68.2600,68.6600,1.01 M,09/29/14,-0.28000000000000114,-0.4061502756019744
JWN,68.5800,69.2200,68.4500,68.9400,967936,09/26/14,0.5300000000000011,0.7747405350095032
JWN,69.0200,69.4400,68.3200,68.4100,893932,09/25/14,-0.7600000000000051,-1.098742229290162
JWN,67.7700,69.2000,67.7500,69.1700,1.01 M,09/24/14,1.5100000000000051,2.2317469701448496
JWN,68.0600,68.4600,67.6200,67.6600,1.32 M,09/23/14,-0.6700000000000017,-0.9805356358846798
JWN,69.3000,69.4500,68.2800,68.3300,1.12 M,09/22/14,-1.0499999999999972,-1.5134044393196846
JWN,69.6300,69.6600,69.0200,69.3800,1.32 M,09/19/14,0.10999999999999943,0.15879890284394318
JWN,69.4400,69.6500,69.1600,69.2700,697877,09/18/14,-0.10000000000000853,-0.1441545336600959
JWN,69.6400,69.7159,69.1300,69.3700,1.14 M,09/17/14,-0.11999999999999034,-0.17268671751329737
JWN,68.6800,69.9900,68.6800,69.4900,988207,09/16/14,0.5799999999999983,0.8416775504280922
JWN,68.9200,69.2150,68.6200,68.9100,705266,09/15/14,-0.1700000000000017,-0.24609148812970716
JWN,69.0400,69.3200,68.7000,69.0800,1.04 M,09/12/14,0.10999999999999943,0.15948963317384288
JWN,68.5900,69.0400,68.5300,68.9700,961349,09/11/14,0.20000000000000284,0.2908244874218451
JWN,69.2600,69.4100,68.5300,68.7700,1.27 M,09/10/14,-0.5799999999999983,-0.8363374188896876
JWN,69.7500,69.8200,69.2700,69.3500,1.33 M,09/09/14,-0.6300000000000097,-0.9002572163475416
JWN,70.4100,70.6600,69.6300,69.9800,1.31 M,09/08/14,-0.6499999999999915,-0.9202888291094315
JWN,70.1000,70.6400,69.4200,70.6300,1.56 M,09/05/14,0.19999999999998863,0.2839698991906696
JWN,71.0000,71.4500,70.4100,70.4300,1.83 M,09/04/14,0.7900000000000063,1.1344055140723812
JWN,69.1800,69.9950,68.8900,69.6400,1.18 M,09/03/14,0.4899999999999949,0.7086044830079463
JWN,69.3000,69.8500,68.6700,69.1500,1.39 M,09/02/14,-0.09999999999999432,-0.14440433212995568
JWN,69.7100,69.8700,69.1900,69.2500,920048,08/29/14,-0.39000000000000057,-0.5600229753015517
JWN,69.2000,70.0500,68.8500,69.6400,858269,08/28/14,-0.37000000000000455,-0.5284959291529846
JWN,70.3200,70.4900,69.8100,70.0100,987127,08/27/14,-0.19999999999998863,-0.28485970659448606
JWN,69.7500,70.5600,69.5000,70.2100,1.29 M,08/26/14,0.44999999999998863,0.6450688073394332
JWN,69.7600,69.8900,69.4477,69.7600,904334,08/25/14,0.3100000000000023,0.44636429085673474
JWN,69.1700,69.6600,68.8600,69.4500,1.38 M,08/22/14,0.519999999999996,0.7543885100826867
JWN,68.4000,69.1600,68.2600,68.9300,1.30 M,08/21/14,0.5400000000000063,0.7895891212165612
JWN,67.4700,68.6000,67.1800,68.3900,1.40 M,08/20/14,0.9200000000000017,1.3635689936267996
JWN,66.1900,67.6100,66.1900,67.4700,1.54 M,08/19/14,1.3499999999999943,2.0417422867513526
JWN,65.5800,66.1500,65.4700,66.1200,1.83 M,08/18/14,1.0100000000000051,1.5512210105974584
JWN,65.5500,66.4900,64.9200,65.1100,6.07 M,08/15/14,-3.5799999999999983,-5.211821225797057
JWN,68.3000,68.7130,67.7600,68.6900,2.82 M,08/14/14,0.5699999999999932,0.8367586611861321
JWN,68.0400,68.1800,66.8950,68.1200,2.69 M,08/13/14,-0.5899999999999892,-0.8586814146412302
JWN,69.3700,69.5700,68.5700,68.7100,1.48 M,08/12/14,-0.45000000000000284,-0.650665124349339
JWN,70.0000,70.1252,68.8200,69.1600,1.67 M,08/11/14,-0.7800000000000011,-1.115241635687734
JWN,69.0200,69.9900,68.6000,69.9400,1.36 M,08/08/14,1.3400000000000034,1.9533527696793054
JWN,69.5400,69.7900,68.4300,68.6000,1.05 M,08/07/14,-0.7400000000000091,-1.0672050764349712
JWN,68.3600,69.6800,68.3600,69.3400,1.03 M,08/06/14,0.7000000000000028,1.0198135198135239
JWN,69.1300,69.3525,68.3900,68.6400,1.09 M,08/05/14,-0.9099999999999966,-1.3084112149532663
JWN,68.9500,69.7750,68.7300,69.5500,837043,08/04/14,0.5999999999999943,0.8701957940536538
JWN,68.4400,69.4000,68.4400,68.9500,1.10 M,08/01/14,-0.28000000000000114,-0.4044489383215385
JWN,69.6800,70.1900,69.1900,69.2300,1.05 M,07/31/14,-0.9599999999999937,-1.3677161988887216
JWN,69.1100,70.2500,68.9300,70.1900,949868,07/30/14,1.289999999999992,1.8722786647314833
JWN,68.9900,69.3870,68.8600,68.9000,866872,07/29/14,-0.0899999999999892,-0.1304536889404105
JWN,68.1900,69.1850,68.0000,68.9900,1.09 M,07/28/14,0.9099999999999966,1.336662749706223
JWN,68.4900,68.8700,68.0300,68.0800,714715,07/25/14,-0.6800000000000068,-0.9889470622455014
JWN,67.9900,69.2200,67.9900,68.7600,787855,07/24/14,1.0,1.4757969303423848
JWN,67.8700,68.1300,67.6800,67.7600,949396,07/23/14,0.020000000000010232,0.029524653085341353
JWN,67.7400,68.0000,67.6700,67.7400,769981,07/22/14,0.10999999999999943,0.1626497116664194
JWN,67.7800,68.1300,67.4020,67.6300,779687,07/21/14,-0.3500000000000085,-0.5148573109738284
JWN,67.6500,68.0200,67.3500,67.9800,999200,07/18/14,0.5799999999999983,0.8605341246290775
JWN,67.7900,68.0100,67.3000,67.4000,783636,07/17/14,-0.7599999999999909,-1.1150234741783904
JWN,68.2500,68.3300,67.6300,68.1600,940559,07/16/14,0.10999999999999943,0.16164584864070453
JWN,68.5000,68.7399,68.0000,68.0500,1.18 M,07/15/14,-0.710000000000008,-1.03257707969751
JWN,69.1200,69.2800,68.7100,68.7600,1.37 M,07/14/14,0.010000000000005116,0.014545454545461987
JWN,69.0000,69.3700,68.3700,68.7500,1.03 M,07/11/14,-0.4300000000000068,-0.621566926857483
JWN,69.2600,69.6700,69.0960,69.1800,805542,07/10/14,-0.9599999999999937,-1.3686911890504616
JWN,69.8300,70.5600,69.5900,70.1400,1.37 M,07/09/14,0.3400000000000034,0.487106017191982
JWN,69.3700,69.8800,68.9230,69.8000,1.29 M,07/08/14,0.39000000000000057,0.5618786918311491
JWN,68.9200,69.6000,68.8400,69.4100,811636,07/07/14,0.11999999999999034,0.1731851638042868
JWN,68.6900,69.4600,68.6900,69.2900,641888,07/03/14,0.7000000000000028,1.0205569324974526
JWN,68.3900,69.0000,68.3000,68.5900,1.08 M,07/02/14,-0.09999999999999432,-0.1455815984859431
JWN,68.1900,68.8300,67.8910,68.6900,837960,07/01/14,0.7599999999999909,1.1187987634329322
JWN,67.8500,68.1490,67.6600,67.9300,855227,06/30/14,-0.05999999999998806,-0.0882482718046596
JWN,67.6300,68.2500,67.6300,67.9900,876263,06/27/14,0.35999999999999943,0.53230814727192
JWN,67.3700,67.6800,66.7200,67.6300,1.16 M,06/26/14,0.11999999999999034,0.17775144423047004
JWN,67.6400,68.0400,67.3300,67.5100,763419,06/25/14,-0.3399999999999892,-0.5011053795136171
JWN,67.6700,68.3400,67.5200,67.8500,1.28 M,06/24/14,0.11999999999999034,0.17717407352722622
JWN,67.7800,68.0000,67.6200,67.7300,1.14 M,06/23/14,-0.35999999999999943,-0.5287119988250836
JWN,68.5400,68.5400,67.8500,68.0900,1.71 M,06/20/14,-0.269999999999996,-0.3949678174370919
JWN,68.3000,68.5600,68.0700,68.3600,972601,06/19/14,0.060000000000002274,0.08784773060029616
JWN,67.8400,68.4050,67.5800,68.3000,1.08 M,06/18/14,0.5,0.7374631268436579
JWN,67.9100,68.2200,67.4600,67.8000,947781,06/17/14,-0.060000000000002274,-0.08841732979664349
JWN,67.7000,68.2100,67.4600,67.8600,1.29 M,06/16/14,-0.030000000000001137,-0.04418912947415103
JWN,67.4600,68.1100,67.2596,67.8900,942425,06/13/14,0.6200000000000045,0.921658986175122
JWN,67.9900,68.1300,67.0150,67.2700,821662,06/12/14,-0.6400000000000006,-0.9424237962008549
JWN,68.0800,68.5000,67.6900,67.9100,908311,06/11/14,-0.6599999999999966,-0.9625200525010889
JWN,68.3800,68.8600,68.3700,68.5700,909596,06/10/14,-0.0800000000000125,-0.11653313911145302
JWN,68.9500,69.5400,68.5800,68.6500,890814,06/09/14,-0.14000000000000057,-0.20351795319087157
JWN,68.4500,69.2300,68.4500,68.7900,811238,06/06/14,0.4700000000000131,0.6879391100702769
JWN,68.2100,68.5000,67.4500,68.3200,1.26 M,06/05/14,0.029999999999986926,0.043930297261658986
JWN,67.9400,68.5700,67.7100,68.2900,1.39 M,06/04/14,0.2600000000000051,0.38218433044245936
JWN,67.9800,68.3700,67.7600,68.0300,1.11 M,06/03/14,-0.1799999999999926,-0.2638909250842877
JWN,68.2000,68.8300,68.1400,68.2100,1.27 M,06/02/14,0.14999999999999147,0.22039377020274972
JWN,67.6400,68.3200,67.6400,68.0600,1.47 M,05/30/14,0.28000000000000114,0.4131012097964018
JWN,67.7000,67.8450,66.9400,67.7800,1.11 M,05/29/14,0.3299999999999983,0.48925129725722505
JWN,67.6300,67.7900,66.7300,67.4500,1.68 M,05/28/14,-0.46999999999999886,-0.691990577149586
JWN,67.9500,68.2000,67.5100,67.9200,1.46 M,05/27/14,0.07000000000000739,0.10316875460575888
JWN,67.5800,69.4100,67.3600,67.8500,2.07 M,05/23/14,0.3199999999999932,0.473863468088247
JWN,67.5700,68.4900,67.3700,67.5300,1.65 M,05/22/14,0.01999999999999602,0.029625240705074832
JWN,67.7600,68.2500,66.8600,67.5100,1.50 M,05/21/14,0.05000000000001137,0.07411799584940909
JWN,68.2400,68.2600,67.0700,67.4600,2.90 M,05/20/14,-0.960000000000008,-1.4030985092078456
JWN,69.9200,70.0000,68.0600,68.4200,4.60 M,05/19/14,-2.1299999999999955,-3.019135364989363
JWN,67.0100,70.7100,66.7500,70.5500,8.40 M,05/16/14,9.059999999999995,14.734103106196121
JWN,61.6000,61.8000,60.5100,61.4900,2.82 M,05/15/14,-0.39000000000000057,-0.630252100840337
JWN,62.6800,62.8500,61.7700,61.8800,1.29 M,05/14/14,-0.7399999999999949,-1.1817310763334317
JWN,62.8400,63.3000,62.3350,62.6200,1.72 M,05/13/14,-0.14000000000000057,-0.22307202039515706
JWN,61.8600,63.0000,61.8600,62.7600,1.47 M,05/12/14,1.2899999999999991,2.0985846754514386
JWN,61.1900,61.7500,60.8800,61.4700,1.08 M,05/09/14,0.18999999999999773,0.31005221932114513
JWN,60.5500,62.3600,60.5500,61.2800,987006,05/08/14,0.6099999999999994,1.005439261579033
JWN,60.6900,60.8900,60.2000,60.6700,1.12 M,05/07/14,0.05000000000000426,0.0824810293632535
JWN,61.2600,61.6600,60.4100,60.6200,1.18 M,05/06/14,-0.9100000000000037,-1.4789533560864678
JWN,61.5900,61.7960,61.0800,61.5300,681738,05/05/14,-0.490000000000002,-0.7900677200902966
JWN,62.0900,62.8000,61.6100,62.0200,1.08 M,05/02/14,0.5200000000000031,0.8455284552845579
JWN,61.4700,61.8000,61.0400,61.5000,820010,05/01/14,0.21999999999999886,0.35900783289817045
JWN,61.2100,61.6900,60.7100,61.2800,1.78 M,04/30/14,-0.8900000000000006,-1.4315586295640994
JWN,62.3800,62.5200,61.8100,62.1700,646456,04/29/14,-0.23999999999999488,-0.38455375741066317
JWN,61.9400,62.4800,61.5600,62.4100,1.48 M,04/28/14,0.9299999999999997,1.5126870527000646
JWN,61.8500,62.0100,61.3600,61.4800,987941,04/25/14,-0.5500000000000043,-0.886667741415451
JWN,62.0000,62.4300,61.8200,62.0300,1.13 M,04/24/14,0.14000000000000057,0.22620778801098815
JWN,60.8400,61.9100,60.7600,61.8900,1.52 M,04/23/14,1.0700000000000003,1.7592897073331146
JWN,60.5400,61.2000,60.2400,60.8200,1.01 M,04/22/14,0.25,0.4127455836222552
JWN,60.6500,60.9000,60.3900,60.5700,1.15 M,04/21/14,-0.2700000000000031,-0.4437869822485258
JWN,61.3200,61.4000,59.9700,60.8400,2.25 M,04/17/14,-0.6199999999999974,-1.008786202408066
JWN,61.4600,61.7500,61.1100,61.4600,788073,04/16/14,0.480000000000004,0.7871433256805576
JWN,60.7400,61.2900,60.2600,60.9800,1.08 M,04/15/14,0.45999999999999375,0.7600793126239156
JWN,61.0700,61.2100,59.9700,60.5200,1.16 M,04/14/14,0.060000000000002274,0.09923916639100608
JWN,60.9300,61.5300,60.2500,60.4600,2.26 M,04/11/14,-1.0600000000000023,-1.7230169050715252
JWN,62.8700,62.8800,61.5100,61.5200,1.17 M,04/10/14,-1.3099999999999952,-2.084991246219951
JWN,62.7300,62.8950,62.0410,62.8300,1.07 M,04/09/14,0.269999999999996,0.43158567774935425
JWN,61.6800,62.8300,61.3240,62.5600,1.56 M,04/08/14,0.8000000000000043,1.2953367875647739
JWN,63.3400,63.4200,61.5700,61.7600,1.32 M,04/07/14,-1.7100000000000009,-2.6941862297148274
JWN,63.7200,64.1800,63.3750,63.4700,1.83 M,04/04/14,0.10000000000000142,0.15780337699226987
JWN,63.6300,64.1900,63.0900,63.3700,1.77 M,04/03/14,-0.2600000000000051,-0.40861228980041664
JWN,62.8600,63.9350,62.8600,63.6300,1.38 M,04/02/14,0.740000000000002,1.1766576562251583
JWN,62.4600,63.4300,62.3700,62.8900,1.44 M,04/01/14,0.4399999999999977,0.7045636509207329
JWN,62.2100,62.5500,61.7600,62.4500,1.21 M,03/31/14,0.6200000000000045,1.0027494743652023
JWN,62.0100,62.3900,61.5000,61.8300,1.20 M,03/28/14,0.04999999999999716,0.0809323405632845
JWN,61.9600,62.4500,61.5900,61.7800,1.51 M,03/27/14,-0.17999999999999972,-0.29051000645577746
JWN,62.5700,62.9700,61.8500,61.9600,1.75 M,03/26/14,-0.519999999999996,-0.8322663252240654
JWN,62.3200,62.8500,62.1200,62.4800,1.73 M,03/25/14,0.6799999999999997,1.1003236245954688
JWN,62.5200,62.8200,61.7000,61.8000,1.32 M,03/24/14,-0.7000000000000028,-1.1200000000000045
JWN,62.8500,63.1500,62.4500,62.5000,2.00 M,03/21/14,0.14000000000000057,0.22450288646568403
JWN,61.9900,62.4900,61.8600,62.3600,897541,03/20/14,0.17999999999999972,0.2894821486008358
JWN,62.3100,62.7300,61.8000,62.1800,1.10 M,03/19/14,-0.22999999999999687,-0.3685306841852217
JWN,61.9800,62.5500,61.9800,62.4100,1.10 M,03/18/14,0.3199999999999932,0.5153808986954311
JWN,61.6500,62.4386,61.6400,62.0900,1.29 M,03/17/14,0.7600000000000051,1.239197782488187
JWN,61.4400,62.2200,61.2500,61.3300,1.53 M,03/14/14,-0.17999999999999972,-0.29263534384652856
JWN,62.3000,62.7900,61.4650,61.5100,1.45 M,03/13/14,-0.6900000000000048,-1.1093247588424515
JWN,62.2900,62.3600,61.7800,62.2000,1.09 M,03/12/14,-0.0799999999999983,-0.12845215157353612
JWN,62.6800,63.0900,62.1700,62.2800,1.57 M,03/11/14,-0.3500000000000014,-0.5588376177550717
JWN,62.4000,62.8200,62.2400,62.6300,1.67 M,03/10/14,0.22000000000000597,0.35250761095979166
JWN,61.9200,62.5600,61.7800,62.4100,1.36 M,03/07/14,0.8299999999999983,1.347840207859692
JWN,61.2700,61.8700,60.9700,61.5800,1.17 M,03/06/14,0.0,0.0
JWN,61.6100,61.9500,61.1500,61.5800,1.51 M,03/05/14,-0.07000000000000028,-0.11354420113544247
JWN,61.7300,62.1600,61.5100,61.6500,1.45 M,03/04/14,0.4399999999999977,0.7188367913739547
JWN,60.7800,61.4350,60.6000,61.2100,1.49 M,03/03/14,-0.269999999999996,-0.43916720884839955
JWN,61.3000,61.6700,61.0450,61.4800,1.88 M,02/28/14,0.10999999999999943,0.17924067133778626
JWN,60.8300,61.4500,60.6900,61.3700,1.79 M,02/27/14,0.44999999999999574,0.7386736703873863
JWN,59.4700,61.2500,59.3300,60.9200,2.24 M,02/26/14,1.6900000000000048,2.853283808880643
JWN,58.6700,59.4900,58.6100,59.2300,2.41 M,02/25/14,0.6199999999999974,1.057839959051352
JWN,59.4900,59.8400,58.6000,58.6100,2.85 M,02/24/14,-0.6300000000000026,-1.0634706279540893
JWN,58.4400,59.9700,58.2600,59.2400,4.68 M,02/21/14,-0.19999999999999574,-0.33647375504709914
JWN,58.8800,59.6800,58.8700,59.4400,2.68 M,02/20/14,0.5599999999999952,0.9510869565217309
JWN,58.4700,59.4100,57.7500,58.8800,1.53 M,02/19/14,-0.03999999999999915,-0.06788866259334546
JWN,58.8500,59.4100,58.6400,58.9200,1.75 M,02/18/14,0.45000000000000284,0.7696254489481834
JWN,58.3600,58.9600,58.2000,58.4700,873426,02/14/14,-0.09000000000000341,-0.15368852459016974
JWN,57.8600,58.6800,57.3000,58.5600,1.28 M,02/13/14,0.30000000000000426,0.514933058702376
JWN,59.0300,59.3300,58.0850,58.2600,1.61 M,02/12/14,-0.6600000000000037,-1.1201629327902303
JWN,58.6600,59.1600,58.1100,58.9200,1.63 M,02/11/14,0.37000000000000455,0.6319385140905287
JWN,58.5700,58.6500,57.9500,58.5500,1.95 M,02/10/14,-0.240000000000002,-0.4082326926348052
JWN,58.8300,59.3600,58.3700,58.7900,1.35 M,02/07/14,0.0899999999999963,0.15332197614990853
JWN,57.3600,59.0300,57.3100,58.7000,1.92 M,02/06/14,1.6000000000000014,2.802101576182139
JWN,55.3000,57.3600,54.9000,57.1000,3.22 M,02/05/14,1.7199999999999989,3.105814373420005
JWN,55.9700,56.3200,55.3100,55.3800,2.18 M,02/04/14,-0.3299999999999983,-0.5923532579429156
JWN,57.3300,57.3440,55.4800,55.7100,1.89 M,02/03/14,-1.740000000000002,-3.028720626631857
JWN,56.7900,57.7200,56.5710,57.4500,1.65 M,01/31/14,0.12000000000000455,0.20931449502878868
JWN,57.1200,57.8800,57.0000,57.3300,1.24 M,01/30/14,0.6299999999999955,1.111111111111103
JWN,57.9300,58.3400,56.6200,56.7000,2.12 M,01/29/14,-1.529999999999994,-2.6275115919628957
JWN,57.8700,58.7500,57.8500,58.2300,1.74 M,01/28/14,0.4099999999999966,0.7090971982013086
JWN,58.1900,58.6500,57.7300,57.8200,1.41 M,01/27/14,-0.3399999999999963,-0.5845942228335562
JWN,58.6600,58.9000,58.1600,58.1600,1.21 M,01/24/14,-0.9000000000000057,-1.523874026413826
JWN,59.0000,59.1000,58.4000,59.0600,1.09 M,01/23/14,-0.3399999999999963,-0.5723905723905662
JWN,60.0000,60.0300,59.2200,59.4000,1.10 M,01/22/14,-0.259999999999998,-0.43580288300368425
JWN,60.2100,60.3400,59.2600,59.6600,1.30 M,01/21/14,-0.2700000000000031,-0.4505256132154232
JWN,59.9200,60.5500,59.6500,59.9300,1.93 M,01/17/14,-0.17999999999999972,-0.2994510064881047
JWN,60.6400,60.7200,59.8800,60.1100,1.29 M,01/16/14,-0.759999999999998,-1.2485625102677806
JWN,59.6800,60.9000,59.6800,60.8700,1.49 M,01/15/14,1.1199999999999974,1.8744769874476945
JWN,59.4800,60.2658,59.4800,59.7500,1.58 M,01/14/14,0.259999999999998,0.4370482434022491
JWN,60.8500,61.1400,59.3300,59.4900,1.49 M,01/13/14,-1.6199999999999974,-2.6509572901325438
JWN,61.2600,61.5550,60.5900,61.1100,1.18 M,01/10/14,-0.38000000000000256,-0.6179866644982965
JWN,60.7100,61.6100,60.3900,61.4900,2.07 M,01/09/14,1.0,1.6531658125309967
JWN,60.7500,60.7500,59.6800,60.4900,1.92 M,01/08/14,-0.269999999999996,-0.4443712969058526
JWN,61.4800,61.9200,60.2900,60.7600,1.91 M,01/07/14,-0.6499999999999986,-1.0584595342778027
JWN,62.2500,62.3100,61.2500,61.4100,1.69 M,01/06/14,-0.7600000000000051,-1.2224545600772159
JWN,61.9500,62.5600,61.7300,62.1700,807026,01/03/14,0.21999999999999886,0.3551251008878109
JWN,61.6700,62.2000,61.3400,61.9500,1.18 M,01/02/14,0.15000000000000568,0.24271844660195097
JWN,61.8900,62.1400,61.6700,61.8000,692319,12/31/13,-0.05000000000000426,-0.08084074373484926
JWN,61.4300,62.0900,61.4300,61.8500,650678,12/30/13,0.4299999999999997,0.7000976880494948
JWN,61.0500,61.7500,61.0500,61.4200,527432,12/27/13,-0.18999999999999773,-0.30839149488719
JWN,61.7200,62.0000,61.5800,61.6100,609641,12/26/13,0.00999999999999801,0.016233766233763002
JWN,61.4800,61.8050,61.0700,61.6000,576643,12/24/13,0.060000000000002274,0.09749756256093968
JWN,61.3400,61.8700,61.2400,61.5400,1.12 M,12/23/13,0.3500000000000014,0.5719888870730535
JWN,60.4100,61.6100,60.3600,61.1900,2.00 M,12/20/13,0.9499999999999957,1.5770252324037113
JWN,60.3200,60.5900,60.0000,60.2400,840950,12/19/13,-0.10000000000000142,-0.16572754391780148
JWN,59.8300,60.3600,59.3100,60.3400,1.61 M,12/18/13,0.5100000000000051,0.8524151763329519
JWN,60.9400,60.9500,59.7900,59.8300,1.43 M,12/17/13,-0.7199999999999989,-1.189099917423615
JWN,60.2600,60.7700,60.2280,60.5500,826385,12/16/13,0.45999999999999375,0.7655183890830316
JWN,60.3200,60.8450,60.0700,60.0900,1.05 M,12/13/13,-0.27999999999999403,-0.4638065264203976
JWN,60.7900,61.1400,60.1900,60.3700,1.15 M,12/12/13,-0.4200000000000017,-0.6909031090639935
JWN,61.3600,61.5776,60.6500,60.7900,1.55 M,12/11/13,-0.480000000000004,-0.7834176595397486
JWN,60.6400,61.3100,60.5300,61.2700,1.37 M,12/10/13,0.5700000000000003,0.9390444810543661
JWN,60.5400,60.9800,60.4200,60.7000,1.23 M,12/09/13,0.3400000000000034,0.5632869449966922
JWN,61.3900,61.5000,60.1800,60.3600,1.73 M,12/06/13,-0.6899999999999977,-1.1302211302211265
JWN,61.3100,61.3300,60.7800,61.0500,855758,12/05/13,-0.30000000000000426,-0.48899755501223185
JWN,61.3400,61.6900,60.9300,61.3500,1.20 M,12/04/13,-0.519999999999996,-0.8404719573298789
JWN,61.6600,62.3300,61.1200,61.8700,1.02 M,12/03/13,0.0799999999999983,0.1294707881534201
JWN,62.0900,62.5600,61.7500,61.7900,1.15 M,12/02/13,-0.4200000000000017,-0.6751326153351579
JWN,62.9300,62.9500,62.0900,62.2100,586183,11/29/13,-0.5,-0.7973210014351778
JWN,62.7500,63.1700,62.4300,62.7100,1.18 M,11/27/13,-0.18999999999999773,-0.30206677265500437
JWN,62.7900,63.4000,62.5700,62.9000,1.34 M,11/26/13,0.3500000000000014,0.5595523581135114
JWN,62.2700,62.7900,62.0400,62.5500,1.10 M,11/25/13,0.44999999999999574,0.7246376811594134
JWN,61.9300,62.2499,61.8100,62.1000,1.18 M,11/22/13,-0.03999999999999915,-0.06437077566784542
JWN,61.6300,62.2700,61.6300,62.1400,927666,11/21/13,0.38000000000000256,0.6152849740932684
JWN,62.1300,62.5345,61.6400,61.7600,1.25 M,11/20/13,-0.10999999999999943,-0.1777921448197825
JWN,62.2800,62.9100,61.8200,61.8700,2.12 M,11/19/13,-0.6099999999999994,-0.976312419974391
JWN,63.0200,63.0400,62.2400,62.4800,1.95 M,11/18/13,-0.3200000000000003,-0.509554140127389
JWN,62.4100,63.3500,62.1300,62.8000,3.03 M,11/15/13,-0.6300000000000026,-0.9932208734037562
JWN,63.1900,63.7200,62.4400,63.4300,3.06 M,11/14/13,0.04999999999999716,0.07888923950772665
JWN,62.7800,63.6000,62.7700,63.3800,3.68 M,11/13/13,1.5600000000000023,2.523455192494342
JWN,61.9600,62.6050,61.5100,61.8200,2.60 M,11/12/13,-0.020000000000003126,-0.0323415265200568
JWN,60.8200,62.0600,60.6400,61.8400,1.66 M,11/11/13,0.8200000000000003,1.3438216978039992
JWN,60.2200,61.4300,60.1350,61.0200,1.33 M,11/08/13,0.7000000000000028,1.1604774535809066
JWN,60.7600,61.4000,60.1700,60.3200,1.23 M,11/07/13,-0.18999999999999773,-0.3139976863328338
JWN,60.4800,60.9200,60.1600,60.5100,1.12 M,11/06/13,0.1699999999999946,0.2817368246602496
JWN,60.4400,60.6700,59.8300,60.3400,705915,11/05/13,-0.11999999999999744,-0.1984783327820004
JWN,60.0800,60.5700,60.0100,60.4600,1.20 M,11/04/13,0.490000000000002,0.8170752042688044
JWN,60.5200,60.7000,59.7600,59.9700,1.01 M,11/01/13,-0.5,-0.826856292376385
JWN,60.2700,60.7000,59.9100,60.4700,993122,10/31/13,0.0899999999999963,0.14905597880092133
JWN,60.5700,61.2399,60.0700,60.3800,1.07 M,10/30/13,-0.0799999999999983,-0.1323188885213336
JWN,60.3100,60.8500,59.8500,60.4600,1.16 M,10/29/13,0.3100000000000023,0.5153782211138858
JWN,59.1400,60.4750,58.9100,60.1500,1.51 M,10/28/13,0.8799999999999955,1.4847308925257219
JWN,59.2100,59.4900,58.9800,59.2700,833021,10/25/13,0.19000000000000483,0.32159783344618287
JWN,58.9100,59.3000,58.7500,59.0800,1.21 M,10/24/13,0.21000000000000085,0.3567181926278255
JWN,58.8700,59.2200,58.4900,58.8700,620286,10/23/13,-0.1600000000000037,-0.27104861934610147
JWN,58.8700,59.3818,58.5900,59.0300,842562,10/22/13,0.18999999999999773,0.3229095853161076
JWN,58.8700,58.9000,58.3500,58.8400,812881,10/21/13,0.10000000000000142,0.17024174327545355
JWN,58.8700,58.9600,58.2400,58.7400,981727,10/18/13,0.09000000000000341,0.15345268542200072
JWN,58.0900,58.8300,58.0900,58.6500,1.30 M,10/17/13,0.4399999999999977,0.7558838687510698
JWN,57.2500,58.2400,57.0700,58.2100,1.87 M,10/16/13,1.2700000000000031,2.230417983842647
JWN,56.7200,57.2640,56.4700,56.9400,1.83 M,10/15/13,0.00999999999999801,0.017565431231333233
JWN,56.6200,57.0800,56.4700,56.9300,1.00 M,10/14/13,0.0899999999999963,0.15833919774805824
JWN,56.4600,56.8750,56.1900,56.8400,1.67 M,10/11/13,0.11000000000000654,0.19390093424996746
JWN,56.4000,56.8200,56.0600,56.7300,1.89 M,10/10/13,0.9599999999999937,1.7213555675094023
JWN,55.7400,56.2300,55.4990,55.7700,1.63 M,10/09/13,0.15000000000000568,0.2696871628910566
JWN,56.6600,56.8800,55.6000,55.6200,1.65 M,10/08/13,-1.0200000000000031,-1.800847457627124
JWN,56.6100,56.8900,56.3200,56.6400,1.88 M,10/07/13,-0.490000000000002,-0.8576929809207106
JWN,56.9100,57.3500,56.6400,57.1300,1.34 M,10/04/13,0.28999999999999915,0.5102040816326515
JWN,56.7300,57.0100,56.2900,56.8400,1.56 M,10/03/13,0.04000000000000625,0.07042253521127861
JWN,55.7200,57.3400,55.5100,56.8000,2.84 M,10/02/13,0.8499999999999943,1.5192135835567369
JWN,55.9700,56.3515,55.7900,55.9500,2.17 M,10/01/13,-0.25,-0.4448398576512455
JWN,55.9200,56.2700,55.8600,56.2000,1.81 M,09/30/13,-0.25,-0.4428697962798937
JWN,56.3500,56.5300,56.1100,56.4500,1.62 M,09/27/13,-0.12999999999999545,-0.22976316719688133
JWN,55.9300,56.6850,55.8900,56.5800,1.91 M,09/26/13,0.769999999999996,1.3796810607417953
JWN,56.8000,56.8500,55.7000,55.8100,2.88 M,09/25/13,-0.5999999999999943,-1.0636411983690734
JWN,56.5500,56.7500,56.2900,56.4100,1.93 M,09/24/13,-0.22000000000000597,-0.3884866678439095
JWN,56.9700,57.0400,56.4000,56.6300,1.64 M,09/23/13,-0.36999999999999744,-0.6491228070175393
JWN,57.6100,57.7100,56.7200,57.0000,2.56 M,09/20/13,-0.5499999999999972,-0.955690703735877
JWN,57.9300,58.0700,57.4400,57.5500,1.70 M,09/19/13,-0.480000000000004,-0.8271583663622333
JWN,58.2500,58.3000,57.2400,58.0300,2.12 M,09/18/13,-0.14999999999999858,-0.25782055689240047
JWN,58.1800,58.5800,58.0100,58.1800,623606,09/17/13,0.20000000000000284,0.34494653328734537
JWN,57.8600,58.5500,57.7700,57.9800,1.35 M,09/16/13,0.6999999999999957,1.2220670391061377
JWN,57.3000,57.4950,56.8500,57.2800,1.02 M,09/13/13,0.25,0.43836577240049096
JWN,57.0400,57.3750,56.7900,57.0300,1.68 M,09/12/13,-0.18999999999999773,-0.33205173016427425
JWN,57.0700,57.3700,56.8000,57.2200,1.38 M,09/11/13,0.11999999999999744,0.21015761821365575
JWN,56.9200,57.1855,56.5600,57.1000,1.30 M,09/10/13,0.5200000000000031,0.919052668787563
JWN,56.6600,56.8500,56.0900,56.5800,1.23 M,09/09/13,0.6599999999999966,1.1802575107296076
JWN,56.3200,56.3200,55.3400,55.9200,1.19 M,09/06/13,-0.269999999999996,-0.4805125467164905
JWN,56.0800,56.5200,56.0400,56.1900,1.17 M,09/05/13,0.07000000000000028,0.12473271560940892
JWN,55.6300,56.2500,55.6300,56.1200,1.43 M,09/04/13,0.6299999999999955,1.1353397008469912
JWN,56.2900,56.5600,55.3750,55.4900,1.42 M,09/03/13,-0.23999999999999488,-0.43064776601470467
JWN,56.0900,56.1200,55.5600,55.7300,994934,08/30/13,-0.25,-0.44658806716684535
JWN,56.2500,56.3600,55.8900,55.9800,1.34 M,08/29/13,-0.5500000000000043,-0.9729347249248262
JWN,56.6100,57.2600,56.3500,56.5300,1.04 M,08/28/13,-0.0899999999999963,-0.15895443306251555
JWN,56.7200,57.1100,56.5300,56.6200,1.69 M,08/27/13,-0.6799999999999997,-1.1867364746945894
JWN,57.4900,57.9299,57.2200,57.3000,1.83 M,08/26/13,0.01999999999999602,0.03491620111731149
JWN,57.2200,57.4500,56.4700,57.2800,1.46 M,08/23/13,0.10999999999999943,0.19240860591219072
JWN,56.7600,57.4500,56.4000,57.1700,1.50 M,08/22/13,0.4200000000000017,0.7400881057268752
JWN,56.8900,57.2300,56.4300,56.7500,1.47 M,08/21/13,-0.3500000000000014,-0.6129597197898449
JWN,56.4500,57.3300,56.4500,57.1000,1.64 M,08/20/13,0.8400000000000034,1.4930678990401767
JWN,56.2000,56.9600,56.1200,56.2600,1.81 M,08/19/13,-0.1700000000000017,-0.3012581959950411
JWN,57.8000,58.2200,56.3000,56.4300,5.33 M,08/16/13,-2.8999999999999986,-4.887915051407381
JWN,59.2700,59.9800,58.9400,59.3300,3.47 M,08/15/13,-0.21000000000000085,-0.35270406449445896
JWN,59.5200,59.7200,59.1600,59.5400,1.93 M,08/14/13,-0.6400000000000006,-1.063476237952809
JWN,60.3600,60.4500,59.2400,60.1800,3.06 M,08/13/13,-0.6099999999999994,-1.003454515545319
JWN,58.6800,60.9100,58.5000,60.7900,3.64 M,08/12/13,2.0,3.4019391052900154
JWN,59.5200,59.6700,58.7700,58.7900,1.84 M,08/09/13,-0.8100000000000023,-1.3590604026845676
JWN,59.1700,60.1000,58.8000,59.6000,1.61 M,08/08/13,0.7000000000000028,1.1884550084889691
JWN,59.6100,59.6100,58.6400,58.9000,2.03 M,08/07/13,-0.9100000000000037,-1.52148470155493
JWN,61.7400,61.8100,59.7600,59.8100,2.84 M,08/06/13,-2.259999999999998,-3.6410504269373254
JWN,61.9100,62.1600,61.6900,62.0700,712784,08/05/13,0.0799999999999983,0.12905307307629987
JWN,62.0200,62.1300,61.7200,61.9900,745690,08/02/13,-0.17999999999999972,-0.2895287115972329
JWN,61.8500,62.3000,61.7800,62.1700,1.23 M,08/01/13,0.9299999999999997,1.5186152841280205
JWN,61.5000,61.8450,61.1400,61.2400,1.09 M,07/31/13,-0.030000000000001137,-0.04896360372123574
JWN,61.7300,61.9700,61.1400,61.2700,1.08 M,07/30/13,-0.35999999999999943,-0.5841311049813394
JWN,61.3400,61.8500,61.2700,61.6300,804661,07/29/13,0.10999999999999943,0.17880364109232677
JWN,61.1300,61.5300,60.5700,61.5200,593165,07/26/13,0.0800000000000054,0.13020833333334214
JWN,61.3700,61.5200,61.0400,61.4400,763623,07/25/13,-0.020000000000003126,-0.03254149040026542
JWN,61.6800,61.7200,61.0800,61.4600,828627,07/24/13,-0.04999999999999716,-0.08128759551292011
JWN,61.7300,61.9000,61.1700,61.5100,1.49 M,07/23/13,-0.5600000000000023,-0.9022071854358019
JWN,61.7700,62.2500,61.3800,62.0700,697244,07/22/13,0.509999999999998,0.8284600389863516
JWN,61.9300,61.9400,61.0100,61.5600,1.80 M,07/19/13,-0.04999999999999716,-0.08115565654925687
JWN,61.6800,61.9500,61.4200,61.6100,1.06 M,07/18/13,-0.00999999999999801,-0.016228497241152242
JWN,62.1200,62.4600,61.2800,61.6200,1.15 M,07/17/13,-0.4000000000000057,-0.6449532408900446
JWN,62.2200,62.4550,61.9010,62.0200,1.31 M,07/16/13,-0.07000000000000028,-0.11273957158962841
JWN,62.3100,62.7000,62.0000,62.0900,1.22 M,07/15/13,-0.1699999999999946,-0.2730485062640453
JWN,62.6100,63.1500,61.7800,62.2600,1.73 M,07/12/13,-0.39000000000000057,-0.6225059856344781
JWN,63.1600,63.3400,62.3300,62.6500,957716,07/11/13,0.05999999999999517,0.09586195877935
JWN,62.6600,62.9000,61.9200,62.5900,1.31 M,07/10/13,-0.0799999999999983,-0.12765278442635758
JWN,63.1400,63.3300,62.4900,62.6700,1.42 M,07/09/13,0.060000000000002274,0.09583133684715266
JWN,62.2900,63.1100,62.2900,62.6100,1.42 M,07/08/13,0.5700000000000003,0.9187620889748555
JWN,61.4200,62.1000,60.9600,62.0400,711668,07/05/13,1.009999999999998,1.6549238079632935
JWN,60.4300,61.1300,60.4300,61.0300,553716,07/03/13,0.3100000000000023,0.5105401844532317
JWN,61.2100,61.5400,60.4400,60.7200,1.09 M,07/02/13,-0.490000000000002,-0.8005227903937298
JWN,60.2800,61.4300,60.0500,61.2100,1.65 M,07/01/13,1.2700000000000031,2.1187854521187908
JWN,59.4800,60.2000,59.3000,59.9400,1.66 M,06/28/13,0.37999999999999545,0.6380120886500931
JWN,59.6500,59.9200,58.9800,59.5600,954921,06/27/13,0.1600000000000037,0.2693602693602756
JWN,59.0800,59.5100,58.6472,59.4000,1.08 M,06/26/13,0.7299999999999969,1.2442474859382935
JWN,57.9000,58.9650,57.9000,58.6700,1.10 M,06/25/13,1.2199999999999989,2.123585726718884
JWN,57.4900,57.9800,57.0700,57.4500,869229,06/24/13,-0.75,-1.2886597938144329
JWN,58.3000,58.6300,57.5000,58.2000,1.58 M,06/21/13,0.44000000000000483,0.761772853185604
JWN,58.4300,58.5380,57.6500,57.7600,1.20 M,06/20/13,-1.1400000000000006,-1.9354838709677429
JWN,59.6300,59.8000,58.8700,58.9000,853689,06/19/13,-0.740000000000002,-1.240778001341385
JWN,59.2300,59.7100,59.0350,59.6400,659828,06/18/13,0.5499999999999972,0.9307835505161569
JWN,59.2800,59.5000,58.8200,59.0900,1.05 M,06/17/13,0.15000000000000568,0.25449609772651116
JWN,59.3800,59.6100,58.5500,58.9400,1.09 M,06/14/13,-0.5200000000000031,-0.8745375042045125
JWN,58.3300,59.6150,58.2120,59.4600,1.02 M,06/13/13,1.2199999999999989,2.0947802197802177
JWN,59.2000,59.3400,58.1500,58.2400,710796,06/12/13,-0.7199999999999989,-1.2211668928086818
JWN,58.8400,59.5000,58.7300,58.9600,538531,06/11/13,-0.46000000000000085,-0.7741501178054542
JWN,59.5600,59.8400,59.1400,59.4200,836577,06/10/13,-0.10000000000000142,-0.16801075268817442
JWN,58.8300,59.5800,58.6500,59.5200,920605,06/07/13,1.0800000000000054,1.8480492813141778
JWN,58.1600,58.5500,57.7600,58.4400,1.08 M,06/06/13,0.4199999999999946,0.7238883143743443
JWN,59.1100,59.2100,57.9800,58.0200,1.42 M,06/05/13,-1.3699999999999974,-2.3067856541505263
JWN,59.1800,59.5900,59.1100,59.3900,1.47 M,06/04/13,0.060000000000002274,0.10112927692567382
JWN,58.9400,59.3400,58.4400,59.3300,1.06 M,06/03/13,0.509999999999998,0.8670520231213839
JWN,59.1200,60.0200,58.8200,58.8200,1.20 M,05/31/13,-0.3200000000000003,-0.5410889414947587
JWN,59.4000,59.7899,59.0700,59.1400,662071,05/30/13,-0.11999999999999744,-0.2024974687816359
JWN,59.3900,59.5300,58.9600,59.2600,661720,05/29/13,-0.7000000000000028,-1.1674449633088773
JWN,60.5100,60.8900,59.7800,59.9600,1.06 M,05/28/13,0.09000000000000341,0.15032570569567966
JWN,59.8700,60.0200,59.4400,59.8700,1.03 M,05/24/13,-0.28999999999999915,-0.4820478723404241
JWN,59.8400,60.4100,59.6200,60.1600,1.36 M,05/23/13,0.0,0.0
JWN,60.8600,61.4900,59.9400,60.1600,1.37 M,05/22/13,-0.5500000000000043,-0.9059463020919194
JWN,60.4200,61.0600,60.2500,60.7100,1.45 M,05/21/13,0.23000000000000398,0.3802910052910119
JWN,60.5000,60.8600,60.1600,60.4800,2.20 M,05/20/13,-0.20000000000000284,-0.329597890573505
JWN,58.8700,60.8900,58.7500,60.6800,4.49 M,05/17/13,-0.45000000000000284,-0.7361361033862307
JWN,61.3900,61.8000,60.9200,61.1300,3.27 M,05/16/13,-0.30999999999999517,-0.5045572916666589
JWN,61.4100,61.8100,60.8900,61.4400,2.01 M,05/15/13,0.19999999999999574,0.32658393207053515
JWN,60.4100,61.2400,60.1600,61.2400,2.37 M,05/14/13,0.75,1.2398743593982475
JWN,59.1900,60.5600,59.0300,60.4900,2.86 M,05/13/13,1.3200000000000003,2.2308602332262977
JWN,58.6100,59.3000,58.6100,59.1700,1.55 M,05/10/13,0.6799999999999997,1.1625918960506063
JWN,58.9201,59.0600,58.0400,58.4900,2.02 M,05/09/13,-0.509999999999998,-0.8644067796610135
JWN,58.6000,59.0100,58.2900,59.0000,1.24 M,05/08/13,0.4099999999999966,0.699778119132952
JWN,58.0000,58.6600,57.7400,58.5900,1.30 M,05/07/13,0.5,0.8607333448097779
JWN,58.1800,58.4400,57.7000,58.0900,1.27 M,05/06/13,-0.11999999999999744,-0.2061501460230157
JWN,57.4500,58.4200,57.3800,58.2100,1.21 M,05/03/13,1.1799999999999997,2.0690864457303166
JWN,56.1100,57.0300,56.1100,57.0300,1.20 M,05/02/13,0.8800000000000026,1.5672306322350893
JWN,56.4800,56.5700,55.9800,56.1500,1.23 M,05/01/13,-0.44000000000000483,-0.7775225304824259
JWN,56.4500,56.6350,56.0300,56.5900,1.02 M,04/30/13,0.05000000000000426,0.08843296781040726
JWN,56.7800,56.9100,56.4700,56.5400,865981,04/29/13,-0.1700000000000017,-0.2997707635337713
JWN,56.4900,56.7500,56.1910,56.7100,819843,04/26/13,0.259999999999998,0.46058458813108594
JWN,55.3600,56.5700,55.2000,56.4500,1.84 M,04/25/13,1.1900000000000048,2.1534563879840842
JWN,55.3000,55.7700,55.0800,55.2600,1.11 M,04/24/13,0.07000000000000028,0.12683457148034116
JWN,55.2400,55.5500,54.6200,55.1900,1.31 M,04/23/13,0.04999999999999716,0.09067827348566768
JWN,55.0500,55.3100,54.6750,55.1400,1.10 M,04/22/13,0.240000000000002,0.43715846994535884
JWN,54.8800,55.1500,54.5700,54.9000,1.67 M,04/19/13,0.0799999999999983,0.1459321415541742
JWN,55.4800,55.6100,54.5000,54.8200,1.41 M,04/18/13,-0.5700000000000003,-1.0290666185231996
JWN,55.9600,56.0100,54.8100,55.3900,1.68 M,04/17/13,-0.7800000000000011,-1.3886416236425159
JWN,55.3800,56.2200,55.0100,56.1700,1.80 M,04/16/13,1.0399999999999991,1.886450208597858
JWN,56.5000,56.5900,55.1300,55.1300,1.57 M,04/15/13,-1.6899999999999977,-2.974304822245684
JWN,56.7500,57.1800,56.4800,56.8200,1.49 M,04/12/13,-0.21999999999999886,-0.3856942496493669
JWN,55.9200,57.7600,55.8800,57.0400,2.43 M,04/11/13,1.2299999999999969,2.2039061100161206
JWN,55.0300,55.8100,54.9400,55.8100,1.43 M,04/10/13,0.9699999999999989,1.7687819110138563
JWN,55.3300,55.4800,54.4100,54.8400,1.65 M,04/09/13,-0.45999999999999375,-0.8318264014466433
JWN,55.2400,55.6900,54.9500,55.3000,1.34 M,04/08/13,-0.1600000000000037,-0.2884962134872046
JWN,54.8400,55.6130,54.6500,55.4600,1.56 M,04/05/13,-0.00999999999999801,-0.018027762754638563
JWN,54.6800,55.5300,54.6800,55.4700,1.12 M,04/04/13,0.769999999999996,1.4076782449725704
JWN,55.0000,55.4900,54.5100,54.7000,1.94 M,04/03/13,-0.28999999999999915,-0.5273686124749939
JWN,54.7500,55.0000,54.3600,54.9900,1.04 M,04/02/13,0.5399999999999991,0.991735537190081
JWN,55.0700,55.2100,54.3300,54.4500,1.42 M,04/01/13,-0.779999999999994,-1.4122759369907552
JWN,54.5200,55.2900,54.4300,55.2300,1.84 M,03/28/13,0.7299999999999969,1.3394495412843979
JWN,54.0300,54.5600,53.9200,54.5000,1.40 M,03/27/13,0.21999999999999886,0.4053058216654364
JWN,53.8200,54.2900,53.5900,54.2800,2.00 M,03/26/13,0.480000000000004,0.8921933085501933
JWN,53.4400,53.9200,53.3601,53.8000,1.72 M,03/25/13,0.4799999999999969,0.9002250562640601
JWN,53.1000,53.5700,52.9800,53.3200,1.24 M,03/22/13,0.4200000000000017,0.793950850661629
JWN,52.8900,53.1900,52.7824,52.9000,1.58 M,03/21/13,-0.25,-0.4703668861712136
JWN,52.8100,53.2700,52.5600,53.1500,2.73 M,03/20/13,0.6999999999999957,1.3346043851286857
JWN,53.5600,53.5600,52.1600,52.4500,2.87 M,03/19/13,-1.0399999999999991,-1.9442886520845002
JWN,53.4900,53.8700,53.3800,53.4900,1.28 M,03/18/13,-0.5,-0.9260974254491572
JWN,54.0700,54.2500,53.6400,53.9900,2.41 M,03/15/13,-0.29999999999999716,-0.5525879535826067
JWN,54.5200,54.6600,54.1800,54.2900,1.63 M,03/14/13,0.0,0.0
JWN,54.0400,54.3200,53.8800,54.2900,3.13 M,03/13/13,0.3399999999999963,0.6302131603336354
JWN,54.3000,54.4400,53.9000,53.9500,1.49 M,03/12/13,-0.3200000000000003,-0.5896443707388986
JWN,54.6200,54.6700,54.2100,54.2700,1.47 M,03/11/13,-0.44999999999999574,-0.8223684210526238
JWN,54.2000,54.8300,53.9400,54.7200,1.01 M,03/08/13,0.7299999999999969,1.3521022411557637
JWN,54.0700,54.1900,53.9000,53.9900,1.13 M,03/07/13,-0.39000000000000057,-0.7171754321441717
JWN,54.3700,54.5200,54.1850,54.3800,1.66 M,03/06/13,0.010000000000005116,0.01839249586169784
JWN,54.0600,54.5150,54.0500,54.3700,1.99 M,03/05/13,0.5499999999999972,1.0219249349684079
JWN,53.9800,54.3300,53.6510,53.8200,1.86 M,03/04/13,-0.25,-0.4623636027371925
JWN,54.0300,54.2400,53.6800,54.0700,2.32 M,03/01/13,-0.14999999999999858,-0.276650682405014
JWN,54.1000,54.5848,53.9900,54.2200,2.39 M,02/28/13,0.3200000000000003,0.5936920222634514
JWN,52.4400,54.0000,52.4400,53.9000,2.43 M,02/27/13,1.3699999999999974,2.6080335046639966
JWN,53.0100,53.3550,52.4700,52.5300,2.79 M,02/26/13,-0.1700000000000017,-0.32258064516129353
JWN,54.1800,54.1900,52.6900,52.7000,3.03 M,02/25/13,-1.2899999999999991,-2.389331357658824
JWN,54.7300,55.3900,53.5700,53.9900,4.00 M,02/22/13,-0.5300000000000011,-0.9721203228173168
JWN,55.0900,55.3600,54.3200,54.5200,3.14 M,02/21/13,-0.6299999999999955,-1.1423390752493119
JWN,56.3500,56.4100,55.0800,55.1500,1.82 M,02/20/13,-1.3200000000000003,-2.3375243492119715
JWN,55.6400,56.6599,55.1000,56.4700,2.62 M,02/19/13,1.0700000000000003,1.9314079422382677
JWN,55.2000,56.0800,54.7800,55.4000,1.62 M,02/15/13,0.14999999999999858,0.2714932126696807
JWN,55.0500,55.4800,54.5300,55.2500,1.09 M,02/14/13,0.030000000000001137,0.05432814197754643
JWN,55.0000,55.5200,55.0000,55.2200,1.24 M,02/13/13,0.240000000000002,0.43652237177155695
JWN,55.5500,55.6000,54.8900,54.9800,1.64 M,02/12/13,-0.39000000000000057,-0.7043525374751681
JWN,55.5700,55.7200,55.1100,55.3700,1.30 M,02/11/13,-0.45000000000000284,-0.8061626657112198
JWN,55.0000,55.8450,55.0000,55.8200,1.61 M,02/08/13,0.9100000000000037,1.6572573301766595
JWN,55.8200,55.9700,54.3801,54.9100,2.05 M,02/07/13,-0.36000000000000654,-0.6513479283517397
JWN,55.1300,55.4900,54.9100,55.2700,1.80 M,02/06/13,0.1600000000000037,0.2903284340410156
JWN,54.9200,55.4300,54.7100,55.1100,1.93 M,02/05/13,0.6099999999999994,1.1192660550458706
JWN,54.9700,55.1600,54.3800,54.5000,1.38 M,02/04/13,-0.6199999999999974,-1.1248185776487618
JWN,55.6600,55.7800,54.9100,55.1200,2.19 M,02/01/13,-0.10999999999999943,-0.19916711931920955
JWN,55.5400,55.8200,55.1900,55.2300,1.32 M,01/31/13,-0.36000000000000654,-0.6475984889368709
JWN,55.6800,55.9100,55.3500,55.5900,1.43 M,01/30/13,-0.0899999999999963,-0.16163793103447613
JWN,55.5300,56.1100,55.0700,55.6800,1.62 M,01/29/13,0.14999999999999858,0.27012425715829025
JWN,55.9400,55.9400,55.1300,55.5300,1.21 M,01/28/13,-0.519999999999996,-0.927743086529877
JWN,56.1500,56.2800,55.4500,56.0500,1.22 M,01/25/13,0.37999999999999545,0.6825938566552819
JWN,55.5000,56.3000,55.2000,55.6700,1.08 M,01/24/13,0.3400000000000034,0.6144948490873006
JWN,55.2000,55.5300,54.9500,55.3300,1.37 M,01/23/13,-0.05000000000000426,-0.09028530155291488
JWN,55.4400,55.4700,54.8300,55.3800,1.70 M,01/22/13,-0.14000000000000057,-0.25216138328530363
JWN,55.6100,55.7500,55.1200,55.5200,1.25 M,01/18/13,-0.12999999999999545,-0.2336028751123009
JWN,56.0100,56.3300,55.5800,55.6500,1.22 M,01/17/13,-0.30000000000000426,-0.5361930294906242
JWN,55.5500,56.0400,55.1600,55.9500,2.39 M,01/16/13,0.5400000000000063,0.9745533297238879
JWN,53.5400,55.4500,53.4100,55.4100,2.92 M,01/15/13,1.5799999999999983,2.9351662641649607
JWN,53.8800,54.1400,53.2800,53.8300,1.33 M,01/14/13,-0.010000000000005116,-0.018573551263010985
JWN,54.9100,55.0100,53.7900,53.8400,2.55 M,01/11/13,-1.0399999999999991,-1.8950437317784241
JWN,54.1400,55.2000,53.5600,54.8800,2.09 M,01/10/13,0.8400000000000034,1.5544041450777266
JWN,54.0200,54.6200,53.9300,54.0400,1.86 M,01/09/13,0.13000000000000256,0.2411426451493277
JWN,54.3900,54.5500,53.7900,53.9100,1.50 M,01/08/13,-0.5200000000000031,-0.9553555024802556
JWN,54.6400,54.7600,53.8300,54.4300,1.88 M,01/07/13,-0.29999999999999716,-0.5481454412570751
JWN,55.4900,55.7800,54.6700,54.7300,2.78 M,01/04/13,-0.5400000000000063,-0.9770218925276031
JWN,55.5200,55.8500,54.7300,55.2700,4.97 M,01/03/13,1.6400000000000006,3.057989931008765
JWN,53.6900,54.2300,52.7200,53.6300,5.63 M,01/02/13,0.13000000000000256,0.24299065420561225
JWN,52.0700,53.5500,52.0700,53.5000,3.35 M,12/31/12,1.3400000000000034,2.569018404907982
JWN,51.4600,52.9000,51.1100,52.1600,2.67 M,12/28/12,0.37999999999999545,0.7338740826573878
JWN,51.3600,51.9700,50.9500,51.7800,1.99 M,12/27/12,0.38000000000000256,0.7392996108949467
JWN,52.4100,52.6000,50.9400,51.4000,1.90 M,12/26/12,-1.0200000000000031,-1.945822205265172
JWN,52.2800,52.7800,52.2500,52.4200,842622,12/24/12,-0.030000000000001137,-0.057197330791231904
JWN,51.6700,52.5700,51.4900,52.4500,2.92 M,12/21/12,0.3400000000000034,0.6524659374400372
JWN,52.3800,52.3800,51.3500,52.1100,2.30 M,12/20/12,-0.6799999999999997,-1.2881227505209314
JWN,52.5700,53.2500,52.2900,52.7900,2.13 M,12/19/12,0.35999999999999943,0.6866297921037563
JWN,52.2300,52.4600,51.4000,52.4300,2.81 M,12/18/12,0.14999999999999858,0.2869166029074188
JWN,52.1500,52.3200,51.4200,52.2800,2.10 M,12/17/12,0.0799999999999983,0.15325670498083963
JWN,52.1400,52.4400,51.9400,52.2000,2.08 M,12/14/12,0.05000000000000426,0.09587727708533895
JWN,52.0400,52.8000,52.0300,52.1500,1.99 M,12/13/12,0.03999999999999915,0.07676069852235491
JWN,52.1600,52.6700,51.3200,52.1100,2.35 M,12/12/12,0.22999999999999687,0.44333076329991683
JWN,52.5600,52.6400,51.6750,51.8800,3.57 M,12/11/12,-0.37999999999999545,-0.7271335629544498
JWN,52.7700,52.8800,52.1000,52.2600,2.35 M,12/10/12,-0.5399999999999991,-1.0227272727272712
JWN,52.9600,53.3900,52.1400,52.8000,1.33 M,12/07/12,-0.1700000000000017,-0.3209363790825028
JWN,52.9200,53.1300,52.1300,52.9700,1.77 M,12/06/12,0.269999999999996,0.5123339658443947
JWN,53.4100,53.7100,51.8900,52.7000,3.06 M,12/05/12,-0.529999999999994,-0.9956791283110916
JWN,53.6400,53.8000,52.8400,53.2300,1.85 M,12/04/12,-0.490000000000002,-0.9121370067014185
JWN,54.0700,54.3400,53.2300,53.7200,2.12 M,12/03/12,-0.37000000000000455,-0.6840451100018571
JWN,54.2800,54.4600,53.8500,54.0900,2.20 M,11/30/12,-0.27999999999999403,-0.5149898841272651
JWN,54.3800,55.2700,53.9300,54.3700,3.14 M,11/29/12,-0.8300000000000054,-1.5036231884058069
JWN,54.0400,55.4500,54.0400,55.2000,2.81 M,11/28/12,1.0400000000000063,1.9202363367799231
JWN,54.1000,54.8400,53.2800,54.1600,2.63 M,11/27/12,-0.0800000000000054,-0.14749262536874153
JWN,56.3300,56.4000,53.3100,54.2400,3.91 M,11/26/12,-2.309999999999995,-4.084880636604766
JWN,55.7300,56.6800,55.7100,56.5500,893476,11/23/12,0.9499999999999957,1.7086330935251721
JWN,55.5500,56.2500,55.1100,55.6000,1.30 M,11/21/12,-0.14999999999999858,-0.269058295964123
JWN,56.5100,56.5800,55.0500,55.7500,2.56 M,11/20/12,-0.7199999999999989,-1.275013281388346
JWN,55.4700,56.5900,55.3000,56.4700,1.37 M,11/19/12,1.6000000000000014,2.9159832330964126
JWN,54.3700,54.9800,53.8300,54.8700,1.71 M,11/16/12,0.6899999999999977,1.2735326688815019
JWN,54.1200,54.4600,53.6810,54.1800,1.67 M,11/15/12,0.07000000000000028,0.12936610608020752
JWN,55.0500,55.5300,54.0200,54.1100,1.44 M,11/14/12,-0.7800000000000011,-1.4210238659136476
JWN,54.4200,55.6000,54.2500,54.8900,1.41 M,11/13/12,0.20000000000000284,0.36569756811117726
JWN,54.8800,55.0450,53.9600,54.6900,1.44 M,11/12/12,-0.10000000000000142,-0.1825150574922457
JWN,54.7900,55.7000,54.6300,54.7900,2.44 M,11/09/12,-0.6099999999999994,-1.1010830324909737
JWN,57.1200,57.1200,55.3400,55.4000,2.17 M,11/08/12,-1.8500000000000014,-3.231441048034937
JWN,57.5400,57.9800,56.9500,57.2500,1.98 M,11/07/12,-0.9500000000000028,-1.6323024054982866
JWN,57.6300,58.4000,57.3540,58.2000,1.69 M,11/06/12,0.5800000000000054,1.0065949323151777
JWN,56.5500,57.6800,56.3800,57.6200,1.09 M,11/05/12,1.1400000000000006,2.018413597733712
JWN,57.5100,57.7700,56.4800,56.4800,1.55 M,11/02/12,-0.7100000000000009,-1.241475782479456
JWN,57.1300,57.6600,56.8100,57.1900,2.01 M,11/01/12,0.4199999999999946,0.7398273736128141
JWN,56.1700,57.0600,55.8100,56.7700,2.08 M,10/31/12,1.0,1.7930787161556392
JWN,55.0400,55.8850,54.4600,55.7700,1.76 M,10/26/12,0.6700000000000017,1.2159709618874803
JWN,55.4400,55.7000,54.2300,55.1000,1.76 M,10/25/12,0.14000000000000057,0.2547307132459981
JWN,55.7100,55.7600,54.6900,54.9600,1.35 M,10/24/12,-0.509999999999998,-0.919415900486746
JWN,55.2900,55.7200,54.7100,55.4700,1.19 M,10/23/12,-0.5,-0.8933357155619082
JWN,56.2300,56.3200,55.4500,55.9700,1.41 M,10/22/12,-0.46000000000000085,-0.8151692362218693
JWN,57.0800,57.1300,56.1200,56.4300,1.34 M,10/19/12,-0.7299999999999969,-1.2771168649405125
JWN,57.6200,57.7800,56.7900,57.1600,1.62 M,10/18/12,-0.5,-0.8671522719389525
JWN,56.7300,58.2100,56.3200,57.6600,3.00 M,10/17/12,1.029999999999994,1.8188239449055166
JWN,55.8500,56.8200,55.7700,56.6300,1.65 M,10/16/12,0.9299999999999997,1.6696588868940747
JWN,55.0000,55.8900,54.7400,55.7000,1.21 M,10/15/12,0.7700000000000031,1.4017840888403479
JWN,55.3300,55.6900,54.7600,54.9300,1.21 M,10/12/12,-0.3999999999999986,-0.722935116573285
JWN,55.7800,56.1000,55.2800,55.3300,1.55 M,10/11/12,0.05999999999999517,0.10855798805861257
JWN,55.9900,56.0900,55.2400,55.2700,1.18 M,10/10/12,-0.8399999999999963,-1.497059347709849
JWN,56.3400,56.6300,55.9000,56.1100,1.91 M,10/09/12,-0.3500000000000014,-0.6199078993978062
JWN,56.1100,56.7400,56.0100,56.4600,824720,10/08/12,0.28000000000000114,0.4983980064079764
JWN,56.2800,56.9500,56.0050,56.1800,1.74 M,10/05/12,0.13000000000000256,0.23193577163247558
JWN,55.9400,57.4700,55.6400,56.0500,2.99 M,10/04/12,0.1699999999999946,0.30422333571938903
JWN,55.6600,56.5000,55.6500,55.8800,1.65 M,10/03/12,0.25,0.4493978069387021
JWN,55.8400,56.2000,55.2600,55.6300,1.72 M,10/02/12,-0.10999999999999943,-0.19734481521349018
JWN,55.3100,56.1900,55.3100,55.7400,1.61 M,10/01/12,0.5600000000000023,1.0148604566872097
JWN,54.8700,55.4750,54.5100,55.1800,1.69 M,09/28/12,0.11999999999999744,0.21794406102433242
JWN,55.0000,55.3200,54.6600,55.0600,1.59 M,09/27/12,0.1600000000000037,0.29143897996357687
JWN,54.8100,55.1400,54.1800,54.9000,1.74 M,09/26/12,0.0,0.0
JWN,55.4000,55.9550,54.8600,54.9000,1.76 M,09/25/12,-0.2700000000000031,-0.489396411092991
JWN,55.5000,55.7200,55.1500,55.1700,1.46 M,09/24/12,-0.8799999999999955,-1.5700267618197956
JWN,57.0700,57.4900,56.0100,56.0500,2.21 M,09/21/12,-0.5100000000000051,-0.9016973125884107
JWN,56.5400,56.7500,56.0400,56.5600,1.26 M,09/20/12,-0.29999999999999716,-0.5276116778051304
JWN,56.5600,57.2200,56.3004,56.8600,1.20 M,09/19/12,0.5300000000000011,0.9408840759808293
JWN,57.3400,57.3400,55.8400,56.3300,2.28 M,09/18/12,-1.1300000000000026,-1.9665854507483511
JWN,57.7500,58.0200,57.1200,57.4600,1.86 M,09/17/12,-0.10000000000000142,-0.1737317581653951
JWN,57.6300,58.1500,57.3850,57.5600,1.46 M,09/14/12,-0.09999999999999432,-0.17343045438778065
JWN,57.8500,57.9900,56.8300,57.6600,1.81 M,09/13/12,-0.29000000000000625,-0.5004314063848253
JWN,57.7900,58.4400,57.5700,57.9500,1.55 M,09/12/12,0.17999999999999972,0.31158040505452606
JWN,57.6300,57.9000,57.3300,57.7700,1.27 M,09/11/12,-0.0899999999999963,-0.1555478741790465
JWN,57.4000,58.3000,57.2550,57.8600,1.17 M,09/10/12,0.3500000000000014,0.6085898104677472
JWN,57.9600,58.0200,57.2500,57.5100,1.56 M,09/07/12,-0.45000000000000284,-0.7763975155279552
JWN,57.4200,58.1100,57.4200,57.9600,1.55 M,09/06/12,0.8900000000000006,1.5594883476432462
JWN,57.6600,57.7800,56.8300,57.0700,1.09 M,09/05/12,-0.6000000000000014,-1.040402288885038
JWN,57.8600,58.0000,57.0600,57.6700,1.26 M,09/04/12,-0.1599999999999966,-0.2766730070897399
JWN,57.7800,58.0000,57.2800,57.8300,1.17 M,08/31/12,0.29999999999999716,0.5214670606639964
JWN,58.2100,58.4400,57.4900,57.5300,2.17 M,08/30/12,-0.5,-0.8616232982939859
JWN,57.5500,58.0500,57.2500,58.0300,2.13 M,08/29/12,0.5900000000000034,1.027158774373265
JWN,57.6100,58.4100,57.4100,57.4400,2.49 M,08/28/12,-0.240000000000002,-0.4160887656033322
JWN,58.1500,58.3700,57.1300,57.6800,1.55 M,08/27/12,-0.2700000000000031,-0.46591889559966027
JWN,57.0700,58.1800,56.9500,57.9500,1.36 M,08/24/12,0.8800000000000026,1.5419660066584941
JWN,57.5000,57.6000,56.9510,57.0700,1.11 M,08/23/12,-0.6499999999999986,-1.1261261261261237
JWN,56.6200,57.9500,56.6200,57.7200,2.23 M,08/22/12,1.1000000000000014,1.9427764040974946
JWN,56.8600,57.1000,56.4300,56.6200,964354,08/21/12,0.03999999999999915,0.07069635913750291
JWN,57.1200,57.2300,56.3700,56.5800,1.42 M,08/20/12,-0.6799999999999997,-1.1875654907439743
JWN,56.7200,57.4000,56.6100,57.2600,1.34 M,08/17/12,0.6999999999999957,1.23762376237623
JWN,56.4100,56.7700,56.1800,56.5600,1.17 M,08/16/12,0.05000000000000426,0.0884799150592891
JWN,56.3600,56.8000,56.3000,56.5100,1.07 M,08/15/12,0.07000000000000028,0.12402551381998633
JWN,56.3000,56.5300,55.9600,56.4400,1.83 M,08/14/12,0.4199999999999946,0.7497322384862453
JWN,56.1300,56.1600,55.2800,56.0200,1.67 M,08/13/12,-0.10999999999999943,-0.1959736326385167
JWN,55.6800,56.6500,55.4500,56.1300,3.39 M,08/10/12,1.0500000000000043,1.9063180827886788
JWN,55.2100,55.8400,54.0200,55.0800,2.89 M,08/09/12,-0.37000000000000455,-0.667267808836798
JWN,55.1300,55.5700,54.7100,55.4500,2.09 M,08/08/12,0.23000000000000398,0.4165157551611807
JWN,54.7300,55.7500,54.1400,55.2200,2.47 M,08/07/12,0.769999999999996,1.4141414141414068
JWN,54.5700,54.9900,54.2900,54.4500,2.49 M,08/06/12,0.10000000000000142,0.18399264029439083
JWN,53.2000,54.7200,53.1500,54.3500,2.87 M,08/03/12,1.0399999999999991,1.9508534984055508
JWN,52.6600,54.4300,52.5600,53.3100,3.32 M,08/02/12,0.23000000000000398,0.43330821401658626
JWN,54.4400,54.4400,51.5000,53.0800,7.73 M,08/01/12,-1.0600000000000023,-1.9578869597340272
JWN,53.4700,54.7900,53.3200,54.1400,2.33 M,07/31/12,-0.4099999999999966,-0.751604032997244
JWN,54.3600,55.4700,53.6500,54.5500,2.87 M,07/30/12,0.14999999999999858,0.27573529411764447
JWN,53.2300,54.7300,53.2300,54.4000,2.26 M,07/27/12,1.0599999999999952,1.987251593550797
JWN,53.1800,53.6800,52.2000,53.3400,1.53 M,07/26/12,0.8900000000000006,1.6968541468064833
JWN,51.9200,52.8500,51.7800,52.4500,1.20 M,07/25/12,0.6900000000000048,1.33307573415766
JWN,52.3600,52.6000,51.3500,51.7600,1.31 M,07/24/12,-0.3500000000000014,-0.6716561120706226
JWN,51.5500,52.3100,50.9000,52.1100,1.27 M,07/23/12,-0.3299999999999983,-0.629290617848967
JWN,52.9400,53.0400,52.3600,52.4400,1.62 M,07/20/12,-0.8400000000000034,-1.576576576576583
JWN,53.0200,53.4700,52.6600,53.2800,1.43 M,07/19/12,0.38000000000000256,0.7183364839319519
JWN,52.2400,53.2500,52.1300,52.9000,1.15 M,07/18/12,0.4200000000000017,0.8003048780487838
JWN,52.0500,52.7450,51.4400,52.4800,1.41 M,07/17/12,0.6999999999999957,1.351873310158354
JWN,51.6600,52.0600,51.2700,51.7800,2.10 M,07/16/12,-0.10999999999999943,-0.21198689535555873
JWN,50.5100,52.1100,50.4500,51.8900,1.96 M,07/13/12,1.5600000000000023,3.0995430160937856
JWN,50.3300,50.6800,49.4000,50.3300,2.06 M,07/12/12,-0.35999999999999943,-0.7101992503452347
JWN,51.8300,51.9500,50.1000,50.6900,2.54 M,07/11/12,-1.0399999999999991,-2.010438816934079
JWN,51.8700,52.2300,51.4700,51.7300,2.05 M,07/10/12,0.03999999999999915,0.0773844070419794
JWN,51.7400,52.1500,51.4100,51.6900,1.49 M,07/09/12,-0.20000000000000284,-0.3854307188282961
JWN,50.9000,51.9700,50.8200,51.8900,1.70 M,07/06/12,0.35999999999999943,0.6986221618474664
JWN,51.1000,52.2600,50.7600,51.5300,3.68 M,07/05/12,0.9699999999999989,1.9185126582278458
JWN,50.3800,51.0600,49.6600,50.5600,1.58 M,07/03/12,0.0800000000000054,0.1584786053882833
JWN,49.9300,50.5400,49.5000,50.4800,1.93 M,07/02/12,0.7899999999999991,1.5898571141074647
JWN,48.8800,49.6900,48.3900,49.6900,3.31 M,06/29/12,1.4399999999999977,2.9844559585492183
JWN,47.5000,48.6900,47.3700,48.2500,3.57 M,06/28/12,0.3500000000000014,0.7306889352818402
JWN,47.6600,48.0500,47.0400,47.9000,3.12 M,06/27/12,-0.7199999999999989,-1.480872069107361
JWN,48.0500,49.0200,47.6900,48.6200,1.50 M,06/26/12,0.6799999999999997,1.4184397163120561
JWN,48.3800,48.6800,47.5100,47.9400,1.68 M,06/25/12,-0.980000000000004,-2.0032706459525835
JWN,49.0000,49.1000,48.0800,48.9200,2.14 M,06/22/12,0.17999999999999972,0.36930652441526407
JWN,50.9300,51.1000,48.6700,48.7400,2.83 M,06/21/12,-2.1199999999999974,-4.168305151395984
JWN,51.0600,51.1500,50.3600,50.8600,1.69 M,06/20/12,-0.1700000000000017,-0.33313737017441053
JWN,49.3100,51.3600,49.2100,51.0300,2.72 M,06/19/12,2.0,4.079135223332654
JWN,48.8400,49.2000,48.4500,49.0300,1.65 M,06/18/12,-0.11999999999999744,-0.24415055951169368
JWN,48.4300,49.2200,48.2200,49.1500,1.78 M,06/15/12,0.9799999999999969,2.0344612829561903
JWN,47.5400,48.4700,47.4800,48.1700,1.68 M,06/14/12,0.7899999999999991,1.6673701983959457
JWN,48.6600,48.6600,47.1800,47.3800,1.83 M,06/13/12,-1.4899999999999949,-3.04890525885
JWN,47.9100,48.9100,47.8315,48.8700,1.86 M,06/12/12,1.1699999999999946,2.4528301886792336
JWN,49.1500,49.2290,47.6900,47.7000,1.87 M,06/11/12,-1.0700000000000003,-2.1939717039163424
JWN,48.1500,48.8400,47.9000,48.7700,1.92 M,06/08/12,1.1100000000000065,2.3289970625262413
JWN,48.2800,48.4300,47.3800,47.6600,2.27 M,06/07/12,-0.1600000000000037,-0.33458803847763213
JWN,47.2800,48.1300,46.9100,47.8200,2.09 M,06/06/12,0.759999999999998,1.6149596260093455
JWN,47.0900,47.3000,46.2700,47.0600,2.87 M,06/05/12,-0.4099999999999966,-0.8637033916157502
JWN,47.3500,47.5000,46.4100,47.4700,2.68 M,06/04/12,0.6700000000000017,1.4316239316239354
JWN,47.1200,47.9200,46.3600,46.8000,4.44 M,06/01/12,-0.5700000000000003,-1.2032932235592153
JWN,49.2000,49.5000,47.2400,47.3700,6.86 M,05/31/12,-2.9100000000000037,-5.787589498806689
JWN,50.7700,50.8500,50.1700,50.2800,1.61 M,05/30/12,-0.7999999999999972,-1.5661707126076687
JWN,50.7700,51.2400,50.5400,51.0800,2.04 M,05/29/12,0.3399999999999963,0.6700827749310135
JWN,50.5200,51.0600,50.3500,50.7400,1.59 M,05/25/12,0.28999999999999915,0.5748265609514354
JWN,50.0600,50.7800,49.9200,50.4500,1.64 M,05/24/12,0.21000000000000085,0.41799363057325006
JWN,49.3300,50.3900,49.2400,50.2400,1.83 M,05/23/12,0.5900000000000034,1.188318227593159
JWN,49.6500,50.6300,49.2900,49.6500,2.13 M,05/22/12,0.0799999999999983,0.16138793625176173
JWN,48.8000,49.7300,48.1400,49.5700,2.10 M,05/21/12,0.6799999999999997,1.3908774800572707
JWN,48.8000,49.5300,48.3500,48.8900,2.56 M,05/18/12,0.3500000000000014,0.7210548001648155
JWN,50.0000,50.3500,48.5400,48.5400,3.19 M,05/17/12,-1.509999999999998,-3.016983016983013
JWN,50.7800,51.0100,49.9900,50.0500,3.01 M,05/16/12,-0.5700000000000003,-1.1260371394705657
JWN,50.2300,51.4200,50.0800,50.6200,2.34 M,05/15/12,0.4199999999999946,0.8366533864541724
JWN,50.5700,51.3000,50.1410,50.2000,2.49 M,05/14/12,-0.759999999999998,-1.4913657770800588
JWN,51.3500,52.3100,50.6500,50.9600,6.56 M,05/11/12,-2.5700000000000003,-4.801046142350084
JWN,54.4200,54.4200,53.1370,53.5300,3.31 M,05/10/12,-0.39000000000000057,-0.7232937685459951
JWN,53.2200,54.4100,52.8400,53.9200,2.18 M,05/09/12,-0.0899999999999963,-0.16663580818366286
JWN,54.9400,54.9400,52.7700,54.0100,2.75 M,05/08/12,-1.2199999999999989,-2.2089444142676062
JWN,55.7100,56.2600,55.1500,55.2300,1.47 M,05/07/12,-0.6700000000000017,-1.1985688729874808
JWN,56.8200,56.9800,55.8700,55.9000,1.47 M,05/04/12,-0.9600000000000009,-1.6883573689764348
JWN,57.4700,57.7500,56.5600,56.8600,2.11 M,05/03/12,-0.3400000000000034,-0.5944055944056004
JWN,55.6900,57.2600,55.6900,57.2000,2.45 M,05/02/12,1.3400000000000034,2.3988542785535327
JWN,55.9600,56.4900,55.6000,55.8600,1.38 M,05/01/12,0.0,0.0
JWN,56.0300,56.2500,55.5300,55.8600,1.52 M,04/30/12,-0.18999999999999773,-0.3389830508474536
JWN,55.8800,56.4801,55.5000,56.0500,1.19 M,04/27/12,0.46999999999999886,0.845627923713564
JWN,55.1900,55.8600,54.7800,55.5800,1.22 M,04/26/12,0.3999999999999986,0.7249003262051442
JWN,54.3700,55.2400,54.3500,55.1800,1.39 M,04/25/12,1.25,2.3178193955127018
JWN,54.7800,54.8300,53.5900,53.9300,1.51 M,04/24/12,-0.6899999999999977,-1.263273526180882
JWN,54.8200,54.9100,53.8600,54.6200,1.19 M,04/23/12,-0.490000000000002,-0.8891308292505934
JWN,55.7300,55.7300,54.9000,55.1100,1.57 M,04/20/12,-0.45000000000000284,-0.8099352051835904
JWN,55.8500,56.2600,55.0700,55.5600,1.20 M,04/19/12,-0.18999999999999773,-0.3408071748878883
JWN,55.7000,56.0600,55.3500,55.7500,1.11 M,04/18/12,-0.21000000000000085,-0.37526804860614876
JWN,55.7600,56.2400,55.5200,55.9600,1.44 M,04/17/12,0.4399999999999977,0.7925072046109468
JWN,56.0000,56.0000,54.8900,55.5200,1.84 M,04/16/12,0.5300000000000011,0.9638116021094765
JWN,54.8200,55.4200,54.6300,54.9900,1.28 M,04/13/12,-0.10000000000000142,-0.18152114721365295
JWN,54.6600,55.2500,53.8900,55.0900,1.50 M,04/12/12,0.46000000000000085,0.8420281896393937
JWN,54.1200,54.7600,53.9600,54.6300,1.76 M,04/11/12,1.1700000000000017,2.1885521885521917
JWN,55.5600,55.7195,53.2000,53.4600,2.13 M,04/10/12,-2.3900000000000006,-4.279319606087736
JWN,55.7800,55.8500,54.9800,55.8500,1.75 M,04/09/12,-0.3200000000000003,-0.5696991276482113
JWN,55.5200,56.7500,55.2700,56.1700,1.83 M,04/05/12,0.6200000000000045,1.1161116111611245
JWN,55.0100,55.6100,54.7000,55.5500,1.80 M,04/04/12,0.1699999999999946,0.30697002527987466
JWN,56.1000,56.5000,55.3150,55.3800,1.87 M,04/03/12,-0.7399999999999949,-1.3186029935851655
JWN,55.5000,56.3240,55.4800,56.1200,1.25 M,04/02/12,0.3999999999999986,0.7178750897343836
JWN,55.4200,56.0300,55.0800,55.7200,1.89 M,03/30/12,0.44999999999999574,0.8141849104396521
JWN,55.3500,55.5300,54.4200,55.2700,1.94 M,03/29/12,0.5600000000000023,1.0235788704076079
JWN,55.4400,55.4500,54.1600,54.7100,1.04 M,03/28/12,-0.6899999999999977,-1.2454873646209346
JWN,55.2800,55.6700,55.0800,55.4000,941375,03/27/12,0.10999999999999943,0.19895098571170092
JWN,54.9900,55.4750,54.6400,55.2900,873454,03/26/12,0.75,1.375137513751375
JWN,54.8800,54.9000,53.8300,54.5400,897268,03/23/12,-0.45000000000000284,-0.8183306055646532
JWN,54.8300,55.4300,54.6900,54.9900,1.27 M,03/22/12,-0.259999999999998,-0.47058823529411403
JWN,54.9000,55.4500,54.7400,55.2500,1.15 M,03/21/12,0.509999999999998,0.9316770186335367
JWN,54.2200,54.8800,54.0000,54.7400,1.19 M,03/20/12,0.37000000000000455,0.6805223468824804
JWN,54.7500,54.8100,53.9900,54.3700,963293,03/19/12,-0.5100000000000051,-0.9293002915451988
JWN,55.1100,55.3600,54.4700,54.8800,1.82 M,03/16/12,-0.1699999999999946,-0.30881017257038074
JWN,54.6400,55.1200,54.2300,55.0500,1.61 M,03/15/12,0.36999999999999744,0.6766642282370107
JWN,54.6500,54.9800,54.3900,54.6800,1.22 M,03/14/12,-0.21999999999999886,-0.40072859744990685
JWN,53.9400,54.9500,53.1600,54.9000,2.27 M,03/13/12,1.2299999999999969,2.291783119060922
JWN,54.1600,54.3100,53.5500,53.6700,1.05 M,03/12/12,-0.4099999999999966,-0.7581360946745499
JWN,53.9300,54.2500,53.6300,54.0800,1.13 M,03/09/12,0.3999999999999986,0.7451564828613982
JWN,53.6300,53.9200,53.2900,53.6800,1.13 M,03/08/12,0.4799999999999969,0.9022556390977384
JWN,52.7200,53.3500,52.4630,53.2000,1.36 M,03/07/12,0.7900000000000063,1.5073459263499454
JWN,53.0900,53.1900,52.3000,52.4100,1.59 M,03/06/12,-1.0900000000000034,-2.0373831775700997
JWN,53.4600,53.7500,53.1800,53.5000,1.29 M,03/05/12,-0.04999999999999716,-0.09337068160597042
JWN,54.0000,54.0900,53.3360,53.5500,1.38 M,03/02/12,-0.22000000000000597,-0.40915008368980094
JWN,53.6700,53.8500,52.6900,53.7700,2.56 M,03/01/12,0.15000000000000568,0.27974636329728775
JWN,53.8500,54.6800,53.6100,53.6200,2.92 M,02/29/12,-0.1600000000000037,-0.29750836742284065
JWN,53.6200,53.9600,53.3700,53.7800,2.03 M,02/28/12,-0.10999999999999943,-0.20411950269066512
JWN,52.6000,54.0300,52.4600,53.8900,2.61 M,02/27/12,0.7199999999999989,1.3541470754184668
JWN,53.2000,53.5000,52.9200,53.1700,2.27 M,02/24/12,-0.0799999999999983,-0.15023474178403434
JWN,52.2500,53.6900,52.0500,53.2500,2.27 M,02/23/12,0.6199999999999974,1.178035341060227
JWN,52.1800,53.0700,52.1800,52.6300,2.35 M,02/22/12,-0.1599999999999966,-0.30308770600491874
JWN,51.3700,53.3700,51.3700,52.7900,3.95 M,02/21/12,1.6499999999999986,3.226437231130228
JWN,51.3800,52.4400,50.7400,51.1400,5.42 M,02/17/12,-1.0399999999999991,-1.9931008049060928
JWN,51.0000,52.3200,50.9300,52.1800,4.16 M,02/16/12,1.1799999999999997,2.3137254901960778
JWN,50.7900,51.5000,50.5900,51.0000,2.62 M,02/15/12,0.3299999999999983,0.6512729425695644
JWN,50.5400,51.0000,50.3000,50.6700,1.68 M,02/14/12,0.10999999999999943,0.21756329113923936
JWN,50.9200,51.1000,50.4400,50.5600,1.84 M,02/13/12,-0.21999999999999886,-0.4332414336352872
JWN,50.7000,51.0700,50.5000,50.7800,984417,02/10/12,-0.36999999999999744,-0.7233626588465248
JWN,51.0200,51.2700,50.5000,51.1500,1.88 M,02/09/12,0.14000000000000057,0.27445598902176155
JWN,50.7100,51.2400,50.4800,51.0100,2.27 M,02/08/12,0.4099999999999966,0.8102766798418904
JWN,49.6300,51.1100,49.4300,50.6000,2.34 M,02/07/12,0.8100000000000023,1.6268326973287854
JWN,49.9700,50.1200,49.6400,49.7900,1.95 M,02/06/12,-0.480000000000004,-0.954843843246477
JWN,49.5200,50.4901,49.4800,50.2700,2.11 M,02/03/12,1.1600000000000037,2.362044390144581
JWN,49.8200,50.0100,48.6675,49.1100,2.14 M,02/02/12,-0.4100000000000037,-0.8279483037156778
JWN,49.6500,50.0000,49.2750,49.5200,2.18 M,02/01/12,0.14000000000000057,0.2835155933576358
JWN,49.7000,50.0300,49.0800,49.3800,2.05 M,01/31/12,-0.14999999999999858,-0.30284675953967005
JWN,48.1900,49.6050,48.0000,49.5300,2.74 M,01/30/12,0.980000000000004,2.0185375901132936
JWN,48.3000,48.7500,48.1400,48.5500,1.45 M,01/27/12,0.0899999999999963,0.1857201815930588
JWN,48.9100,49.3800,48.1200,48.4600,1.98 M,01/26/12,-0.28000000000000114,-0.5744768157570806
JWN,49.6400,49.7000,48.3700,48.7400,2.84 M,01/25/12,-0.8799999999999955,-1.7734784361144609
JWN,49.1400,49.9050,49.0000,49.6200,1.80 M,01/24/12,0.23999999999999488,0.48602673147022046
JWN,49.9300,50.7499,49.3400,49.3800,1.80 M,01/23/12,-0.6400000000000006,-1.2794882047181138
JWN,50.2500,50.5700,49.8300,50.0200,1.63 M,01/20/12,-0.3499999999999943,-0.6948580504268301
JWN,49.7700,50.6300,49.3600,50.3700,2.53 M,01/19/12,0.7299999999999969,1.4705882352941113
JWN,48.9300,49.8100,48.8200,49.6400,2.03 M,01/18/12,0.6499999999999986,1.3268013880383722
JWN,48.9500,49.5200,48.7700,48.9900,1.69 M,01/17/12,0.5100000000000051,1.0519801980198127
JWN,48.6900,49.2800,48.3300,48.4800,1.71 M,01/13/12,-0.45000000000000284,-0.9196811771919127
JWN,49.3000,49.3000,48.4206,48.9300,1.92 M,01/12/12,-0.04999999999999716,-0.10208248264597215
JWN,49.3300,49.5600,48.6800,48.9800,2.64 M,01/11/12,-0.38000000000000256,-0.7698541329011397
JWN,49.9000,49.9100,48.8700,49.3600,2.18 M,01/10/12,-0.29999999999999716,-0.6041079339508602
JWN,49.7800,49.9500,49.1900,49.6600,1.73 M,01/09/12,-0.0800000000000054,-0.16083634901488822
JWN,49.3100,50.2000,49.0700,49.7400,1.92 M,01/06/12,-0.8699999999999974,-1.7190278601066933
JWN,49.8400,50.8400,49.1700,50.6100,2.61 M,01/05/12,0.5300000000000011,1.0583067092651781
JWN,49.6000,50.3900,49.4900,50.0800,2.29 M,01/04/12,0.35999999999999943,0.7240547063555902
JWN,50.5200,50.6700,49.7000,49.7200,2.99 M,01/03/12,0.00999999999999801,0.020116676725001028
JWN,49.9800,50.2100,49.6900,49.7100,862370,12/30/11,-0.3200000000000003,-0.6396162302618434
JWN,49.9100,50.6100,49.2800,50.0300,1.42 M,12/29/11,0.12000000000000455,0.2404327790022131
JWN,49.8300,50.2600,49.2200,49.9100,2.22 M,12/28/11,-0.1600000000000037,-0.31955262632315495
JWN,49.7000,50.2700,49.3400,50.0700,919504,12/27/11,0.240000000000002,0.481637567730287
JWN,49.1800,49.8700,49.1100,49.8300,848555,12/23/11,0.6700000000000017,1.362896663954438
JWN,49.5500,50.0000,49.0500,49.1600,1.28 M,12/22/11,-0.37000000000000455,-0.7470220068645357
JWN,48.8300,49.6600,48.3700,49.5300,1.85 M,12/21/11,0.6600000000000037,1.3505217925107504
JWN,47.4600,49.0500,47.4600,48.8700,2.30 M,12/20/11,1.9699999999999989,4.200426439232407
JWN,47.2100,47.8100,46.7300,46.9000,1.88 M,12/19/11,-0.13000000000000256,-0.27641930682543603
JWN,47.6500,48.4300,46.9300,47.0300,2.36 M,12/16/11,-0.25,-0.5287648054145516
JWN,47.5000,47.8400,47.2100,47.2800,1.87 M,12/15/11,0.14000000000000057,0.2969876962240148
JWN,46.8900,47.6500,46.7900,47.1400,3.21 M,12/14/11,0.1600000000000037,0.34057045551299214
JWN,48.7200,48.9000,46.7400,46.9800,2.71 M,12/13/11,-1.4400000000000048,-2.9739776951672963
JWN,47.9100,48.6200,47.5100,48.4200,2.46 M,12/12/11,0.21999999999999886,0.45643153526970714
JWN,47.5000,48.3300,47.4900,48.2000,2.11 M,12/09/11,0.7800000000000011,1.644875579924085
JWN,46.7800,48.5200,46.6800,47.4200,3.12 M,12/08/11,0.30000000000000426,0.63667232597624
JWN,47.0700,47.4670,46.7500,47.1200,1.57 M,12/07/11,-0.240000000000002,-0.506756756756761
JWN,48.0700,48.2000,47.2450,47.3600,1.61 M,12/06/11,-0.7700000000000031,-1.5998337835030192
JWN,47.9000,49.0300,47.6400,48.1300,2.89 M,12/05/11,0.9600000000000009,2.035191859232565
JWN,47.6900,48.1600,47.1300,47.1700,2.46 M,12/02/11,0.07000000000000028,0.1486199575371556
JWN,45.6500,47.4800,45.2500,47.1000,3.66 M,12/01/11,1.8200000000000003,4.019434628975265
JWN,46.0600,46.2000,44.8500,45.2800,4.86 M,11/30/11,0.6200000000000045,1.388266905508295
JWN,44.7000,45.3000,44.2900,44.6600,3.48 M,11/29/11,-0.5300000000000011,-1.1728258464262031
JWN,45.3000,46.0500,44.8800,45.1900,2.44 M,11/28/11,0.8999999999999986,2.032061413411602
JWN,44.4700,45.0700,44.2200,44.2900,804203,11/25/11,-0.45000000000000284,-1.0058113544926304
JWN,45.1900,45.5800,44.6600,44.7400,1.68 M,11/23/11,-0.9899999999999949,-2.1648808222173517
JWN,46.2700,46.5600,45.4200,45.7300,2.62 M,11/22/11,-0.5800000000000054,-1.2524292809328554
JWN,46.2100,46.7000,45.6000,46.3100,2.48 M,11/21/11,-0.6699999999999946,-1.4261387824606102
JWN,47.3100,47.3100,46.4900,46.9800,2.99 M,11/18/11,-0.030000000000001137,-0.06381620931716898
JWN,48.0700,48.2900,46.5700,47.0100,3.66 M,11/17/11,-1.1200000000000045,-2.3270309578225734
JWN,48.8500,49.3350,48.0700,48.1300,2.08 M,11/16/11,-1.1699999999999946,-2.3732251521298067
JWN,48.9600,49.6500,48.5400,49.3000,2.04 M,11/15/11,0.20999999999999375,0.4277856997351675
JWN,49.3700,49.7270,48.9000,49.0900,2.60 M,11/14/11,-0.38999999999999346,-0.7881972514146999
JWN,47.8900,49.5300,47.6500,49.4800,4.67 M,11/11/11,-0.14000000000000057,-0.2821442966545759
JWN,49.8600,50.0600,48.8600,49.6200,3.11 M,11/10/11,0.6899999999999977,1.4101778050275857
JWN,49.9700,50.7800,48.7400,48.9300,3.01 M,11/09/11,-2.270000000000003,-4.433593750000006
JWN,50.9600,51.7500,49.8700,51.2000,2.31 M,11/08/11,0.5700000000000003,1.1258147343472256
JWN,50.2400,50.8800,49.5500,50.6300,1.97 M,11/07/11,0.240000000000002,0.47628497717801543
JWN,50.0300,51.0000,49.9250,50.3900,2.38 M,11/04/11,-0.6799999999999997,-1.3315057763853528
JWN,49.3300,51.1400,48.3800,51.0700,4.91 M,11/03/11,0.5,0.9887284951552303
JWN,51.0801,51.2400,50.1500,50.5700,3.10 M,11/02/11,0.3200000000000003,0.6368159203980105
JWN,49.0800,50.7500,48.8700,50.2500,2.84 M,11/01/11,-0.4399999999999977,-0.8680213059775059
JWN,50.2500,51.3300,49.9400,50.6900,2.56 M,10/31/11,-0.480000000000004,-0.938049638460043
JWN,51.9000,52.3400,50.6700,51.1700,2.36 M,10/28/11,-1.3299999999999983,-2.53333333333333
JWN,52.0000,53.0900,50.6700,52.5000,3.25 M,10/27/11,2.039999999999999,4.042806183115337
JWN,51.5700,51.7300,49.6100,50.4600,2.80 M,10/26/11,-0.1700000000000017,-0.3357693067351406
JWN,52.2500,52.2500,49.7500,50.6300,2.82 M,10/25/11,-2.1400000000000006,-4.0553344703429985
JWN,51.7300,53.3500,51.4300,52.7700,3.02 M,10/24/11,1.1799999999999997,2.287264973832137
JWN,51.3700,51.6100,50.7400,51.5900,2.82 M,10/21/11,1.0100000000000051,1.9968366943456013
JWN,51.1400,51.3300,49.8800,50.5800,3.07 M,10/20/11,-0.740000000000002,-1.441932969602498
JWN,51.8500,52.1000,51.0800,51.3200,1.81 M,10/19/11,-0.6499999999999986,-1.2507215701366146
JWN,49.9300,52.6100,49.0600,51.9700,3.26 M,10/18/11,1.9399999999999977,3.877673395962418
JWN,50.3700,51.2900,49.9000,50.0300,1.98 M,10/17/11,-0.6700000000000017,-1.3214990138067093
JWN,50.4700,51.0000,49.4800,50.7000,2.62 M,10/14/11,1.230000000000004,2.4863553668890317
JWN,50.2800,50.9200,49.3100,49.4700,2.38 M,10/13/11,-0.7100000000000009,-1.4149063371861317
JWN,50.0700,51.4850,49.4900,50.1800,3.30 M,10/12/11,0.9200000000000017,1.8676410881039418
JWN,50.1700,50.3200,48.5450,49.2600,4.53 M,10/11/11,-1.4100000000000037,-2.7827116637063423
JWN,49.5600,50.8100,48.7900,50.6700,2.17 M,10/10/11,1.980000000000004,4.066543438077642
JWN,48.2800,49.7400,48.0800,48.6900,4.44 M,10/07/11,0.6899999999999977,1.4374999999999953
JWN,48.8200,48.9800,47.2400,48.0000,5.43 M,10/06/11,-0.21999999999999886,-0.4562422231439213
JWN,48.3800,48.4500,46.5418,48.2200,5.52 M,10/05/11,-0.21999999999999886,-0.45417010734929575
JWN,44.6200,48.5600,44.6200,48.4400,5.17 M,10/04/11,3.0700000000000003,6.766585849680406
JWN,45.2500,47.6500,45.1975,45.3700,4.24 M,10/03/11,-0.3100000000000023,-0.6786339754816162
JWN,46.0400,46.8600,45.4700,45.6800,2.20 M,09/30/11,-0.9699999999999989,-2.0793140407288293
JWN,47.8300,48.0450,45.4300,46.6500,3.17 M,09/29/11,-0.30000000000000426,-0.6389776357827567
JWN,47.5400,48.3000,46.8900,46.9500,2.19 M,09/28/11,-0.3999999999999986,-0.8447729672650445
JWN,49.0900,49.2500,47.0900,47.3500,2.79 M,09/27/11,-0.8099999999999952,-1.6818936877076314
JWN,45.7500,48.1900,45.0700,48.1600,3.01 M,09/26/11,2.6399999999999935,5.799648506151127
JWN,44.4100,45.7000,44.2235,45.5200,2.41 M,09/23/11,0.7100000000000009,1.5844677527337665
JWN,44.2500,45.8900,43.6300,44.8100,3.68 M,09/22/11,-1.3699999999999974,-2.966652230402766
JWN,47.5900,47.9000,46.1000,46.1800,2.02 M,09/21/11,-1.3100000000000023,-2.758475468519693
JWN,48.1700,48.9300,47.4200,47.4900,2.20 M,09/20/11,-0.4899999999999949,-1.02125885785743
JWN,47.1100,48.3200,46.6600,47.9800,1.92 M,09/19/11,0.0899999999999963,0.18793067446230174
JWN,47.3100,48.0600,47.0000,47.8900,3.23 M,09/16/11,0.8699999999999974,1.8502764780944223
JWN,46.5900,47.1700,45.7000,47.0200,3.63 M,09/15/11,1.1000000000000014,2.3954703832752644
JWN,44.8700,46.6600,44.1700,45.9200,3.84 M,09/14/11,0.2600000000000051,0.5694261936049171
JWN,45.6500,46.3400,45.0900,45.6600,3.25 M,09/13/11,0.11999999999999744,0.2635046113306927
JWN,43.3300,45.5600,43.0500,45.5400,3.20 M,09/12/11,1.490000000000002,3.3825198637911513
JWN,44.4400,45.2300,43.5000,44.0500,3.19 M,09/09/11,-1.0900000000000034,-2.4147097917589795
JWN,45.4100,46.4000,44.8198,45.1400,3.11 M,09/08/11,-0.7999999999999972,-1.7414018284719137
JWN,44.6700,46.1700,44.6000,45.9400,3.39 M,09/07/11,2.1400000000000006,4.885844748858449
JWN,41.9000,43.8490,41.6200,43.8000,3.01 M,09/06/11,0.5399999999999991,1.2482662968099842
JWN,43.7500,44.0600,43.0100,43.2600,1.95 M,09/02/11,-1.4500000000000028,-3.243122343994638
JWN,45.2600,45.9600,44.2950,44.7100,4.26 M,09/01/11,-0.75,-1.6498020237571491
JWN,45.9600,46.6900,44.9100,45.4600,3.46 M,08/31/11,-0.14000000000000057,-0.30701754385965035
JWN,44.5100,45.9400,44.4000,45.6000,4.70 M,08/30/11,0.8999999999999986,2.013422818791943
JWN,42.8300,44.7700,42.5400,44.7000,5.85 M,08/29/11,2.6099999999999994,6.200997861724874
JWN,39.5600,42.6300,39.5600,42.0900,6.78 M,08/26/11,2.1300000000000026,5.330330330330336
JWN,41.2300,42.0400,39.7900,39.9600,5.85 M,08/25/11,-1.1400000000000006,-2.7737226277372278
JWN,39.6600,41.1400,39.4300,41.1000,3.00 M,08/24/11,1.1600000000000037,2.9043565348022127
JWN,37.7400,39.9500,37.3000,39.9400,4.05 M,08/23/11,2.1599999999999966,5.717310746426672
JWN,38.2100,38.5000,37.4100,37.7800,2.43 M,08/22/11,0.3299999999999983,0.881174899866484
JWN,37.7500,38.7500,37.2800,37.4500,4.02 M,08/19/11,-0.8499999999999943,-2.2193211488250504
JWN,39.9600,40.0700,37.8700,38.3000,5.65 M,08/18/11,-3.1200000000000045,-7.532592950265583
JWN,43.4300,43.6700,40.6000,41.4200,5.71 M,08/17/11,-1.5300000000000011,-3.5622817229336463
JWN,44.3500,44.3500,42.4000,42.9500,4.45 M,08/16/11,-1.7199999999999989,-3.850458920976044
JWN,44.6800,44.8400,43.3600,44.6700,4.65 M,08/15/11,0.39000000000000057,0.8807588075880771
JWN,45.6800,46.0000,43.9200,44.2800,5.81 M,08/12/11,1.9500000000000028,4.606661941885195
JWN,40.5700,43.2300,40.2900,42.3300,3.71 M,08/11/11,2.1899999999999977,5.455904334828096
JWN,40.3300,41.9600,39.9300,40.1400,5.05 M,08/10/11,-1.4600000000000009,-3.5096153846153864
JWN,40.9000,41.6500,38.1000,41.6000,6.29 M,08/09/11,1.75,4.391468005018821
JWN,42.5000,43.2400,39.1800,39.8500,5.61 M,08/08/11,-4.460000000000001,-10.065447980139925
JWN,44.0700,44.4500,42.3040,44.3100,7.17 M,08/05/11,1.1600000000000037,2.688296639629209
JWN,46.3800,47.0800,43.1200,43.1500,7.69 M,08/04/11,-4.600000000000001,-9.633507853403144
JWN,47.0900,47.8200,46.1100,47.7500,4.61 M,08/03/11,0.7000000000000028,1.4877789585547352
JWN,49.3400,49.5600,47.0100,47.0500,5.42 M,08/02/11,-2.9100000000000037,-5.824659727782232
JWN,50.8900,50.8900,49.1200,49.9600,2.70 M,08/01/11,-0.19999999999999574,-0.39872408293460077
JWN,49.5100,50.9650,49.2200,50.1600,2.43 M,07/29/11,-0.020000000000003126,-0.039856516540460594
JWN,49.4700,50.8000,49.4700,50.1800,3.34 M,07/28/11,0.9500000000000028,1.929717651838316
JWN,50.5900,50.6700,49.1700,49.2300,2.02 M,07/27/11,-1.6700000000000017,-3.2809430255402785
JWN,50.9500,51.3000,50.4900,50.9000,1.91 M,07/26/11,-0.14000000000000057,-0.2742946708463961
JWN,50.8700,51.3900,50.7800,51.0400,1.52 M,07/25/11,-0.46000000000000085,-0.8932038834951472
JWN,51.5500,51.8400,51.2100,51.5000,1.64 M,07/22/11,0.10000000000000142,0.19455252918288216
JWN,51.5100,52.1500,51.3300,51.4000,1.59 M,07/21/11,0.21999999999999886,0.4298554122704159
JWN,51.8800,51.9900,50.8400,51.1800,1.10 M,07/20/11,-0.6099999999999994,-1.1778335586020456
JWN,50.4200,51.8600,50.2700,51.7900,2.85 M,07/19/11,1.8200000000000003,3.642185311186713
JWN,50.0900,50.4000,49.7000,49.9700,1.63 M,07/18/11,-0.46999999999999886,-0.9318001586042801
JWN,50.2700,50.4600,49.5000,50.4400,1.92 M,07/15/11,0.509999999999998,1.0214300020028
JWN,49.8900,50.5000,49.3400,49.9300,3.45 M,07/14/11,0.3200000000000003,0.6450312437008674
JWN,49.8200,50.4400,49.5400,49.6100,1.84 M,07/13/11,0.259999999999998,0.5268490374873314
JWN,49.4800,50.2000,49.3000,49.3500,2.27 M,07/12/11,-0.4099999999999966,-0.8239549839228227
JWN,49.5000,50.0500,49.3500,49.7600,2.26 M,07/11/11,-0.490000000000002,-0.9751243781094567
JWN,49.8500,50.2600,49.5100,50.2500,2.17 M,07/08/11,-0.3100000000000023,-0.6131329113924096
JWN,49.2500,50.9150,49.2300,50.5600,4.52 M,07/07/11,2.0800000000000054,4.290429042904302
JWN,48.1600,48.5100,48.0900,48.4800,2.03 M,07/06/11,0.05999999999999517,0.12391573729862694
JWN,48.0800,48.7300,47.9300,48.4200,2.24 M,07/05/11,0.17999999999999972,0.37313432835820837
JWN,46.8500,48.3100,46.7000,48.2400,2.26 M,07/01/11,1.3000000000000043,2.7694929697486246
JWN,46.2600,47.0000,46.2500,46.9400,3.01 M,06/30/11,0.8799999999999955,1.910551454624393
JWN,46.5500,46.9100,45.9400,46.0600,2.51 M,06/29/11,-0.19999999999999574,-0.43233895373972275
JWN,45.6700,46.3100,45.5000,46.2600,1.89 M,06/28/11,0.769999999999996,1.6926797098263267
JWN,44.7700,45.6100,44.5700,45.4900,2.38 M,06/27/11,0.5900000000000034,1.3140311804008986
JWN,45.7800,45.9600,44.8200,44.9000,2.00 M,06/24/11,-0.980000000000004,-2.136006974716661
JWN,44.9100,45.9700,44.8070,45.8800,2.84 M,06/23/11,0.5700000000000003,1.2580004414036643
JWN,45.8600,46.3907,45.2800,45.3100,1.91 M,06/22/11,-0.7899999999999991,-1.7136659436008659
JWN,45.1500,46.1400,45.0200,46.1000,2.69 M,06/21/11,1.1700000000000017,2.604050745604277
JWN,43.5400,44.9500,43.3700,44.9300,2.08 M,06/20/11,1.1700000000000017,2.673674588665452
JWN,43.7500,44.4400,43.6700,43.7600,1.80 M,06/17/11,0.37999999999999545,0.8759797141539775
JWN,43.4600,44.0300,42.9900,43.3800,1.94 M,06/16/11,-0.12999999999999545,-0.29878188922085835
JWN,43.6700,44.0500,43.3200,43.5100,2.10 M,06/15/11,-0.6900000000000048,-1.5610859728506896
JWN,43.1400,44.4500,43.1400,44.2000,2.80 M,06/14/11,1.6500000000000057,3.877790834312587
JWN,42.2700,42.8200,42.0800,42.5500,2.30 M,06/13/11,0.4199999999999946,0.9969143128411929
JWN,42.4200,42.5900,41.8800,42.1300,3.70 M,06/10/11,-0.509999999999998,-1.1960600375234476
JWN,42.3700,43.1000,42.3700,42.6400,4.04 M,06/09/11,0.45000000000000284,1.0666034605356787
JWN,42.4000,42.6200,42.0000,42.1900,4.30 M,06/08/11,-0.39000000000000057,-0.9159229685298276
JWN,43.1700,43.5000,42.5500,42.5800,3.64 M,06/07/11,-0.3100000000000023,-0.7227792026113367
JWN,43.4500,43.8200,42.8600,42.8900,3.04 M,06/06/11,-0.6400000000000006,-1.4702504020215956
JWN,43.7700,44.5600,43.2200,43.5300,2.95 M,06/03/11,-0.9399999999999977,-2.11378457387002
JWN,45.4300,45.7400,44.1551,44.4700,3.54 M,06/02/11,-0.6000000000000014,-1.3312624805857587
JWN,46.5500,46.8100,45.0200,45.0700,2.77 M,06/01/11,-1.759999999999998,-3.7582746102925433
JWN,46.7500,47.0800,46.1800,46.8300,2.63 M,05/31/11,0.4299999999999997,0.9267241379310339
JWN,46.2500,46.9700,46.2000,46.4000,1.99 M,05/27/11,0.21999999999999886,0.4763967085318295
JWN,45.3100,46.4300,45.2600,46.1800,2.55 M,05/26/11,0.5799999999999983,1.2719298245613997
JWN,45.0100,45.9000,44.8700,45.6000,1.89 M,05/25/11,0.10000000000000142,0.2197802197802229
JWN,45.7600,46.0800,45.4900,45.5000,1.28 M,05/24/11,-0.11999999999999744,-0.2630425252082364
JWN,44.9400,45.9250,44.9400,45.6200,1.81 M,05/23/11,0.01999999999999602,0.04385964912279829
JWN,46.0800,46.2400,44.9600,45.6000,2.29 M,05/20/11,-0.8500000000000014,-1.829924650161467
JWN,46.5000,46.5000,45.5800,46.4500,2.40 M,05/19/11,0.2700000000000031,0.5846686877436187
JWN,45.9100,46.5600,45.8600,46.1800,2.76 M,05/18/11,0.3200000000000003,0.6977758395115575
JWN,46.0500,46.5300,45.6800,45.8600,2.75 M,05/17/11,-0.36999999999999744,-0.8003460956089065
JWN,47.5100,47.8250,46.1900,46.2300,2.57 M,05/16/11,-1.4000000000000057,-2.939323955490249
JWN,48.7700,49.2500,47.3500,47.6300,4.67 M,05/13/11,-1.5399999999999991,-3.1319910514541367
JWN,48.4700,49.3500,48.1000,49.1700,4.76 M,05/12/11,0.46999999999999886,0.9650924024640634
JWN,48.7400,49.4300,47.9500,48.7000,3.66 M,05/11/11,0.44000000000000483,0.9117281392457622
JWN,47.8700,48.4200,47.7200,48.2600,2.61 M,05/10/11,0.9499999999999957,2.008032128514047
JWN,47.5600,47.5999,47.0200,47.3100,1.36 M,05/09/11,-0.0799999999999983,-0.16881198565097763
JWN,48.0000,48.2700,47.0600,47.3900,1.78 M,05/06/11,-0.10999999999999943,-0.23157894736841986
JWN,46.4000,48.1600,46.3300,47.5000,4.12 M,05/05/11,-0.5,-1.0416666666666667
JWN,48.3600,48.6200,47.7300,48.0000,3.02 M,05/04/11,-0.10000000000000142,-0.20790020790021085
JWN,47.7100,48.4800,47.6600,48.1000,2.76 M,05/03/11,0.35999999999999943,0.7540846250523657
JWN,47.7500,48.1300,47.2800,47.7400,2.47 M,05/02/11,0.19000000000000483,0.3995793901156779
JWN,48.0000,48.1700,47.5200,47.5500,1.50 M,04/29/11,-0.38000000000000256,-0.7928228666805812
JWN,47.9600,48.0650,47.4800,47.9300,1.61 M,04/28/11,-0.21000000000000085,-0.4362276692978829
JWN,48.4800,48.5700,47.5700,48.1400,2.68 M,04/27/11,-0.3999999999999986,-0.8240626287597829
JWN,47.6400,48.6950,47.5800,48.5400,2.53 M,04/26/11,1.0600000000000023,2.232518955349626
JWN,47.3100,47.5990,46.9500,47.4800,1.88 M,04/25/11,0.1699999999999946,0.3593320651025039
JWN,47.2000,47.3275,46.9600,47.3100,2.59 M,04/21/11,0.30000000000000426,0.6381620931716747
JWN,46.5500,47.2200,46.4000,47.0100,2.00 M,04/20/11,1.2199999999999989,2.6643371915265317
JWN,45.5300,45.9500,45.3400,45.7900,1.95 M,04/19/11,0.4099999999999966,0.9034817100043997
JWN,45.5200,45.6900,44.7400,45.3800,2.10 M,04/18/11,-0.7999999999999972,-1.7323516673884738
JWN,46.2400,46.4500,45.9500,46.1800,1.55 M,04/15/11,0.10999999999999943,0.23876709355328724
JWN,45.6600,46.1450,45.4200,46.0700,1.55 M,04/14/11,0.11999999999999744,0.26115342763873217
JWN,46.2700,46.5000,45.3000,45.9500,1.93 M,04/13/11,0.10999999999999943,0.23996509598603713
JWN,45.6700,46.6600,45.6000,45.8400,2.04 M,04/12/11,-0.11999999999999744,-0.26109660574411975
JWN,46.0200,46.6200,45.8800,45.9600,1.63 M,04/11/11,-0.259999999999998,-0.5625270445694461
JWN,46.7300,47.2200,45.9200,46.2200,2.53 M,04/08/11,-0.39000000000000057,-0.8367303153829663
JWN,46.0000,47.2850,45.9800,46.6100,3.73 M,04/07/11,0.7100000000000009,1.5468409586056664
JWN,45.8800,46.2050,45.2600,45.9000,2.84 M,04/06/11,0.240000000000002,0.5256241787122251
JWN,44.9500,46.1000,44.7900,45.6600,1.66 M,04/05/11,0.4899999999999949,1.0847907903475644
JWN,45.2400,45.4900,44.8100,45.1700,1.60 M,04/04/11,0.060000000000002274,0.13300820217247233
JWN,45.0000,45.6200,44.9100,45.1100,2.17 M,04/01/11,0.22999999999999687,0.5124777183600643
JWN,44.7700,45.0000,43.9750,44.8800,2.54 M,03/31/11,-0.01999999999999602,-0.044543429844089134
JWN,44.1500,44.9800,44.0100,44.9000,2.08 M,03/30/11,0.8999999999999986,2.0454545454545423
JWN,42.9900,44.0600,42.9600,44.0000,1.99 M,03/29/11,1.0499999999999972,2.4447031431897486
JWN,43.7500,44.2100,42.9100,42.9500,2.53 M,03/28/11,-0.6499999999999986,-1.4908256880733912
JWN,43.6950,44.4400,43.5150,43.6000,2.50 M,03/25/11,-0.01999999999999602,-0.04585052728105461
JWN,42.5000,43.7200,42.0700,43.6200,5.31 M,03/24/11,1.3599999999999994,3.2181732134406045
JWN,42.4200,42.4700,41.9400,42.2600,3.97 M,03/23/11,-0.38000000000000256,-0.8911819887429704
JWN,43.3800,43.3800,42.6000,42.6400,2.74 M,03/22/11,0.3400000000000034,0.8037825059101736
JWN,41.8500,42.4800,41.8400,42.3000,1.81 M,03/21/11,0.9699999999999989,2.3469634647955453
JWN,42.4400,42.4400,40.9600,41.3300,4.50 M,03/18/11,-0.35999999999999943,-0.8635164307987514
JWN,42.4000,42.9200,41.6400,41.6900,3.42 M,03/17/11,0.18999999999999773,0.45783132530119935
JWN,42.7600,42.9200,41.2700,41.5000,4.73 M,03/16/11,-1.3599999999999994,-3.17312179188054
JWN,42.0400,43.1900,41.7900,42.8600,2.54 M,03/15/11,-0.13000000000000256,-0.3023959060246628
JWN,43.9700,44.4750,42.7600,42.9900,3.41 M,03/14/11,-1.4699999999999989,-3.306342780026988
JWN,44.3800,44.8000,44.0100,44.4600,2.60 M,03/11/11,0.09000000000000341,0.20283975659229977
JWN,43.4900,44.6800,43.4900,44.3700,2.22 M,03/10/11,0.07000000000000028,0.15801354401805934
JWN,43.7000,44.7100,43.2000,44.3000,2.31 M,03/09/11,0.529999999999994,1.2108750285583596
JWN,43.2400,44.0000,42.6500,43.7700,1.81 M,03/08/11,0.5100000000000051,1.1789181692094433
JWN,44.3800,44.4000,43.2100,43.2600,2.19 M,03/07/11,-0.8200000000000003,-1.8602540834845742
JWN,44.6500,44.8082,43.6000,44.0800,2.46 M,03/04/11,-0.5399999999999991,-1.2102196324518135
JWN,45.2100,45.2800,44.2500,44.6200,4.06 M,03/03/11,0.4099999999999966,0.9273919927618108
JWN,44.0700,44.3900,43.4500,44.2100,3.03 M,03/02/11,-0.00999999999999801,-0.022614201718674832
JWN,45.3100,45.6100,43.9200,44.2200,2.94 M,03/01/11,-1.0399999999999991,-2.297834732655765
JWN,45.0300,45.6300,44.5900,45.2600,3.00 M,02/28/11,-0.23000000000000398,-0.5056056276104726
JWN,45.3500,45.8800,44.9600,45.4900,3.40 M,02/25/11,0.490000000000002,1.0888888888888932
JWN,44.4900,45.3200,44.1100,45.0000,2.74 M,02/24/11,0.4099999999999966,0.9194886745907077
JWN,45.7400,46.0600,44.1600,44.5900,3.38 M,02/23/11,-1.0599999999999952,-2.3220153340635163
JWN,46.2900,46.8700,45.3200,45.6500,2.63 M,02/22/11,-1.259999999999998,-2.6859944574717503
JWN,45.6700,47.5200,45.5200,46.9100,4.68 M,02/18/11,0.4299999999999997,0.9251290877796896
JWN,46.8400,47.4500,46.1200,46.4800,3.48 M,02/17/11,-0.22000000000000597,-0.4710920770878072
JWN,46.0800,46.9600,46.0800,46.7000,2.39 M,02/16/11,0.8300000000000054,1.8094615216917493
JWN,45.4100,46.1700,45.4100,45.8700,1.56 M,02/15/11,0.14999999999999858,0.32808398950130924
JWN,46.1900,46.3099,45.5600,45.7200,2.03 M,02/14/11,-0.4299999999999997,-0.9317443120260016
JWN,45.2900,46.2000,45.1500,46.1500,1.44 M,02/11/11,0.5799999999999983,1.272767171384679
JWN,44.6800,45.6300,44.4900,45.5700,1.69 M,02/10/11,0.6099999999999994,1.3567615658362977
JWN,44.8100,45.6300,44.7400,44.9600,2.52 M,02/09/11,0.03999999999999915,0.08904719501335517
JWN,44.5100,45.0000,44.3600,44.9200,2.12 M,02/08/11,0.3299999999999983,0.7400762502803281
JWN,43.7300,44.9000,43.7200,44.5900,2.25 M,02/07/11,0.8800000000000026,2.0132692747655057
JWN,42.0600,44.2100,42.0000,43.7100,3.27 M,02/04/11,1.6600000000000037,3.947681331747928
JWN,41.5200,42.6000,41.2600,42.0500,5.87 M,02/03/11,1.9599999999999937,4.888999750561221
JWN,40.8700,40.9300,40.0300,40.0900,4.69 M,02/02/11,-0.8499999999999943,-2.0762090864679883
JWN,41.5700,41.7400,40.9400,40.9400,2.91 M,02/01/11,-0.240000000000002,-0.5828071879553229
JWN,41.2700,41.5200,40.8400,41.1800,2.21 M,01/31/11,0.2700000000000031,0.6599853336592597
JWN,41.8700,41.9800,40.6400,40.9100,3.15 M,01/28/11,-1.0500000000000043,-2.502383222116311
JWN,41.6200,42.2000,41.4800,41.9600,2.33 M,01/27/11,0.4299999999999997,1.035396099205393
JWN,41.7400,41.7800,41.1000,41.5300,1.63 M,01/26/11,-0.030000000000001137,-0.0721847930702626
JWN,42.1100,42.3600,41.2500,41.5600,2.69 M,01/25/11,-0.6199999999999974,-1.4698909435751482
JWN,41.4300,42.2100,41.3200,42.1800,1.36 M,01/24/11,0.8100000000000023,1.9579405366207452
JWN,41.7000,41.9900,41.3000,41.3700,1.91 M,01/21/11,0.12999999999999545,0.31522793404460586
JWN,40.7500,41.7800,40.7500,41.2400,2.44 M,01/20/11,0.3300000000000054,0.806648741139099
JWN,42.1200,42.3600,40.8400,40.9100,2.81 M,01/19/11,-1.2800000000000011,-3.0338942877459143
JWN,41.9000,42.4600,41.8100,42.1900,1.49 M,01/18/11,0.09999999999999432,0.23758612497028822
JWN,41.5700,42.1900,41.3900,42.0900,1.96 M,01/14/11,0.46000000000000085,1.1049723756906098
JWN,41.5000,41.9300,41.4400,41.6300,1.58 M,01/13/11,-0.11999999999999744,-0.2874251497005927
JWN,41.9400,41.9900,41.5799,41.7500,1.74 M,01/12/11,0.13000000000000256,0.31234983181163517
JWN,42.4400,42.4500,41.3900,41.6200,2.28 M,01/11/11,-0.5300000000000011,-1.2574139976275236
JWN,41.9500,42.3100,41.3400,42.1500,2.56 M,01/10/11,-0.20000000000000284,-0.47225501770956985
JWN,43.3700,43.6100,41.7700,42.3500,3.09 M,01/07/11,-0.5899999999999963,-1.3740102468560698
JWN,42.5200,43.6900,42.1200,42.9400,3.40 M,01/06/11,0.0799999999999983,0.18665422305179258
JWN,42.3400,43.0352,42.2000,42.8600,2.24 M,01/05/11,0.28999999999999915,0.6812309137890513
JWN,43.3100,43.4600,42.4700,42.5700,2.27 M,01/04/11,-0.8299999999999983,-1.91244239631336
JWN,42.7300,43.9000,42.4400,43.4000,2.59 M,01/03/11,1.019999999999996,2.4067956583293912
JWN,42.4200,42.6100,42.2500,42.3800,854754,12/31/10,-0.05999999999999517,-0.14137606032044103
JWN,42.0700,42.5800,42.0700,42.4400,1.15 M,12/30/10,0.30999999999999517,0.735817707097069
JWN,42.1700,42.8700,42.1100,42.1300,996876,12/29/10,-0.01999999999999602,-0.04744958481612342
JWN,42.1400,42.5000,41.7400,42.1500,1.41 M,12/28/10,0.05999999999999517,0.14255167498216956
JWN,42.4500,42.5800,41.7600,42.0900,1.21 M,12/27/10,-0.6999999999999957,-1.6358962374386439
JWN,42.7400,43.0900,42.5000,42.7900,1.16 M,12/23/10,-0.060000000000002274,-0.14002333722287577
JWN,43.1900,43.2700,42.6800,42.8500,1.93 M,12/22/10,-0.3299999999999983,-0.7642427049559942
JWN,42.8900,43.1800,42.5800,43.1800,1.44 M,12/21/10,0.490000000000002,1.1478097915202672
JWN,42.4700,42.7900,42.2000,42.6900,1.55 M,12/20/10,0.37999999999999545,0.898132829118401
JWN,41.9000,42.7001,41.8200,42.3100,2.16 M,12/17/10,-0.00999999999999801,-0.023629489603019874
JWN,41.6700,42.3650,41.5100,42.3200,1.62 M,12/16/10,0.6799999999999997,1.6330451488952922
JWN,41.6500,42.0600,41.3900,41.6400,1.67 M,12/15/10,-0.13000000000000256,-0.31122815417764554
JWN,41.6600,41.9700,41.5200,41.7700,1.66 M,12/14/10,0.11000000000000654,0.2640422467594972
JWN,42.5299,42.5299,41.3600,41.6600,2.65 M,12/13/10,-0.5200000000000031,-1.232811759127556
JWN,41.8500,42.3800,41.6900,42.1800,1.22 M,12/10/10,0.10000000000000142,0.2376425855513342
JWN,42.1500,42.3500,41.9300,42.0800,1.68 M,12/09/10,0.22999999999999687,0.549581839904413
JWN,42.4200,42.5900,41.4500,41.8500,2.48 M,12/08/10,-0.490000000000002,-1.1572980632971233
JWN,42.9500,43.1800,42.2600,42.3400,1.92 M,12/07/10,-0.27999999999999403,-0.656968559361788
JWN,41.7800,42.8301,41.6400,42.6200,2.61 M,12/06/10,0.7999999999999972,1.9129603060736422
JWN,41.8400,42.0400,41.3400,41.8200,3.39 M,12/03/10,-0.3200000000000003,-0.7593735168486005
JWN,42.7500,43.2500,42.0100,42.1400,4.41 M,12/02/10,-1.2899999999999991,-2.9702970297029685
JWN,43.6300,43.6300,42.8300,43.4300,2.87 M,12/01/10,0.6300000000000026,1.471962616822436
JWN,42.1200,43.3100,42.0000,42.8000,2.50 M,11/30/10,0.21999999999999886,0.5166744950681045
JWN,43.2100,43.4700,41.9820,42.5800,2.69 M,11/29/10,-1.0300000000000011,-2.361843613850037
JWN,43.4400,43.9000,43.2200,43.6100,1.41 M,11/26/10,-0.29999999999999716,-0.6832156684126558
JWN,43.0400,43.9500,43.0400,43.9100,2.77 M,11/24/10,1.019999999999996,2.378176731172758
JWN,42.8400,43.1900,42.1900,42.8900,2.88 M,11/23/10,0.20000000000000284,0.46849379245725664
JWN,41.8500,42.9700,41.8000,42.6900,1.96 M,11/22/10,0.519999999999996,1.2331041024424851
JWN,41.8800,42.2000,41.5000,42.1700,2.13 M,11/19/10,0.28999999999999915,0.6924546322827104
JWN,41.9200,42.4700,41.6800,41.8800,2.43 M,11/18/10,0.46000000000000085,1.110574601641721
JWN,40.6100,41.6800,40.5100,41.4200,2.64 M,11/17/10,0.8700000000000045,2.1454993834772
JWN,40.6000,41.4800,39.9200,40.5500,5.82 M,11/16/10,-1.2800000000000011,-3.0600047812574735
JWN,42.0000,42.3000,40.5100,41.8300,5.31 M,11/15/10,0.4299999999999997,1.0386473429951684
JWN,42.1700,42.3700,40.9900,41.4000,3.33 M,11/12/10,-1.0,-2.358490566037736
JWN,41.9000,42.5900,41.6100,42.4000,1.80 M,11/11/10,0.00999999999999801,0.023590469450337367
JWN,41.8400,42.6200,41.4704,42.3900,2.17 M,11/10/10,0.490000000000002,1.169451073985685
JWN,42.8300,42.8300,41.6400,41.9000,2.13 M,11/09/10,-0.8700000000000045,-2.0341360766892786
JWN,42.4200,42.8600,41.8000,42.7700,2.05 M,11/08/10,0.2700000000000031,0.6352941176470662
JWN,41.7900,42.7600,41.7900,42.5000,2.59 M,11/05/10,0.5700000000000003,1.3594085380395904
JWN,39.8000,41.9700,39.8000,41.9300,4.72 M,11/04/10,2.6199999999999974,6.664970745357409
JWN,39.3600,39.5100,38.3600,39.3100,2.40 M,11/03/10,0.0800000000000054,0.20392556716799748
JWN,38.9700,39.5800,38.6200,39.2300,1.79 M,11/02/10,0.5899999999999963,1.526915113871626
JWN,38.9000,39.8900,38.3400,38.6400,2.98 M,11/01/10,0.13000000000000256,0.3375746559335304
JWN,38.6200,38.6200,38.0800,38.5100,2.63 M,10/29/10,-0.21999999999999886,-0.568035114898009
JWN,38.6500,38.7600,37.7250,38.7300,3.80 M,10/28/10,0.46999999999999886,1.228437009932041
JWN,37.7300,38.3200,37.1500,38.2600,3.82 M,10/27/10,0.10999999999999943,0.2883355176933144
JWN,37.1100,38.2901,36.9600,38.1500,2.49 M,10/26/10,0.6199999999999974,1.6520117239541632
JWN,37.3300,38.4200,37.0600,37.5300,3.55 M,10/25/10,0.6400000000000006,1.7348875033884537
JWN,36.2000,37.1400,36.1000,36.8900,4.04 M,10/22/10,0.7899999999999991,2.188365650969527
JWN,37.1000,37.4900,35.9200,36.1000,5.25 M,10/21/10,-0.8500000000000014,-2.3004059539918846
JWN,37.4700,37.6700,36.9200,36.9500,4.65 M,10/20/10,-0.39000000000000057,-1.0444563470808799
JWN,38.2400,38.4100,36.9750,37.3400,3.80 M,10/19/10,-1.519999999999996,-3.911477097272249
JWN,38.8500,39.2200,37.6500,38.8600,4.14 M,10/18/10,0.060000000000002274,0.15463917525773782
JWN,38.6300,38.8100,37.9202,38.8000,2.70 M,10/15/10,0.6299999999999955,1.6505108724128776
JWN,38.3900,38.7200,37.8400,38.1700,2.23 M,10/14/10,-0.259999999999998,-0.6765547749154255
JWN,39.3900,39.4600,38.3100,38.4300,3.18 M,10/13/10,-0.5799999999999983,-1.4867982568572118
JWN,38.8300,39.2700,38.3800,39.0100,2.72 M,10/12/10,-0.10000000000000142,-0.255689082076199
JWN,39.0400,39.9900,38.6900,39.1100,3.81 M,10/11/10,0.04999999999999716,0.12800819252431428
JWN,38.4700,39.7400,38.3000,39.0600,3.64 M,10/08/10,0.5800000000000054,1.5072765072765215
JWN,37.9100,38.4800,36.9800,38.4800,5.61 M,10/07/10,0.9399999999999977,2.503995737879589
JWN,37.5200,37.8900,37.0550,37.5400,3.64 M,10/06/10,-0.23000000000000398,-0.6089489012443843
JWN,37.5800,37.8800,36.9000,37.7700,3.29 M,10/05/10,0.6100000000000065,1.641550053821331
JWN,37.1400,37.2700,36.6000,37.1600,2.63 M,10/04/10,0.04999999999999716,0.1347345728913963
JWN,37.6100,37.8300,36.8000,37.1100,2.84 M,10/01/10,-0.09000000000000341,-0.24193548387097688
JWN,38.0000,38.2500,36.6300,37.2000,3.38 M,09/30/10,-0.3999999999999986,-1.0638297872340388
JWN,38.0900,38.3100,37.4700,37.6000,3.68 M,09/29/10,-0.7100000000000009,-1.8533020099190833
JWN,37.2400,38.4100,36.7800,38.3100,4.90 M,09/28/10,1.4000000000000057,3.7930100243836518
JWN,36.3300,37.5300,36.1000,36.9100,4.69 M,09/27/10,0.3999999999999986,1.095590249246778
JWN,35.8700,36.6200,35.8700,36.5100,2.33 M,09/24/10,1.2199999999999989,3.4570699914990053
JWN,35.2100,35.8200,34.9500,35.2900,2.43 M,09/23/10,-0.3100000000000023,-0.8707865168539389
JWN,35.7200,36.0000,35.0700,35.6000,3.22 M,09/22/10,-0.3200000000000003,-0.8908685968819606
JWN,36.4800,36.4800,35.7100,35.9200,2.72 M,09/21/10,-0.44999999999999574,-1.2372834753917947
JWN,36.2200,36.6200,35.8300,36.3700,3.22 M,09/20/10,0.27999999999999403,0.7758381823219562
JWN,36.3600,36.5500,35.8900,36.0900,3.91 M,09/17/10,-0.04999999999999716,-0.13835085777531034
JWN,35.7000,36.3200,35.6200,36.1400,2.98 M,09/16/10,0.060000000000002274,0.16629711751663603
JWN,35.0300,36.1200,34.9600,36.0800,4.82 M,09/15/10,0.7999999999999972,2.2675736961451167
JWN,34.2400,35.5300,34.1900,35.2800,3.43 M,09/14/10,0.980000000000004,2.857142857142869
JWN,33.7700,34.6600,33.5400,34.3000,4.20 M,09/13/10,1.029999999999994,3.0958821761346376
JWN,33.0400,33.4700,32.9500,33.2700,2.38 M,09/10/10,0.30000000000000426,0.9099181073703496
JWN,33.6600,33.8300,32.8800,32.9700,2.44 M,09/09/10,-0.030000000000001137,-0.09090909090909435
JWN,32.5400,33.2000,32.5400,33.0000,2.90 M,09/08/10,0.38000000000000256,1.1649294911097565
JWN,33.1500,33.3300,32.5000,32.6200,4.43 M,09/07/10,-0.8500000000000014,-2.539587690469081
JWN,33.2400,33.9800,32.9200,33.4700,4.60 M,09/03/10,0.7100000000000009,2.16727716727717
JWN,31.7900,32.9200,31.3800,32.7600,6.93 M,09/02/10,2.4399999999999977,8.047493403693924
JWN,29.4800,30.3600,29.1300,30.3200,3.81 M,09/01/10,1.3999999999999986,4.840940525587824
JWN,28.5700,29.5650,28.4400,28.9200,3.93 M,08/31/10,0.20000000000000284,0.6963788300835754
JWN,30.1900,30.2800,28.7200,28.7200,5.02 M,08/30/10,-1.5600000000000023,-5.151915455746375
JWN,30.3000,30.4100,29.6000,30.2800,4.59 M,08/27/10,0.08999999999999986,0.29811195760185444
JWN,31.2100,31.4600,30.1700,30.1900,2.79 M,08/26/10,-0.9299999999999997,-2.9884318766066826
JWN,30.0300,31.2800,29.9000,31.1200,3.40 M,08/25/10,0.740000000000002,2.4358130348913827
JWN,30.7800,30.7800,30.0900,30.3800,3.40 M,08/24/10,-0.8500000000000014,-2.721741914825493
JWN,31.8300,32.2400,31.1500,31.2300,2.33 M,08/23/10,-0.5399999999999991,-1.6997167138810172
JWN,30.9700,31.8600,30.9700,31.7700,2.91 M,08/20/10,0.5799999999999983,1.8595703751202253
JWN,31.2300,31.5000,30.8210,31.1900,3.56 M,08/19/10,-0.4499999999999993,-1.4222503160556235
JWN,30.9900,31.9600,30.6600,31.6400,3.36 M,08/18/10,0.6500000000000021,2.0974507905776125
JWN,30.2700,31.4600,30.1700,30.9900,3.55 M,08/17/10,0.8699999999999974,2.8884462151394334
JWN,30.8300,30.8900,29.9700,30.1200,5.08 M,08/16/10,-0.9299999999999997,-2.995169082125603
JWN,31.5000,32.3000,30.8500,31.0500,8.84 M,08/13/10,-2.389999999999997,-7.147129186602863
JWN,32.9000,33.6300,31.9200,33.4400,4.91 M,08/12/10,-0.13000000000000256,-0.3872505212987863
JWN,33.6600,34.2800,33.3300,33.5700,3.25 M,08/11/10,-0.8699999999999974,-2.5261324041811775
JWN,34.5500,34.7100,34.1400,34.4400,2.76 M,08/10/10,-0.6900000000000048,-1.9641332194705516
JWN,34.2900,35.2900,34.2500,35.1300,3.65 M,08/09/10,1.1700000000000017,3.4452296819788035
JWN,33.6000,34.0200,33.0300,33.9600,2.82 M,08/06/10,-0.1599999999999966,-0.4689331770222644
JWN,33.9400,34.3400,33.0000,34.1200,4.14 M,08/05/10,-0.6200000000000045,-1.7846862406448027
JWN,34.2500,34.9600,33.9100,34.7400,2.90 M,08/04/10,0.730000000000004,2.1464275213172717
JWN,35.4100,35.4200,33.8801,34.0100,3.68 M,08/03/10,-1.5,-4.224162207828781
JWN,34.6200,35.7800,34.1600,35.5100,3.78 M,08/02/10,1.509999999999998,4.441176470588229
JWN,32.9900,34.0900,32.6900,34.0000,2.89 M,07/30/10,0.46999999999999886,1.4017297942141331
JWN,33.8800,34.4300,32.6400,33.5300,3.05 M,07/29/10,-0.0799999999999983,-0.23802439750073875
JWN,34.3800,34.7100,33.4400,33.6100,1.83 M,07/28/10,-0.8699999999999974,-2.523201856148485
JWN,35.0700,35.3900,34.3400,34.4800,3.59 M,07/27/10,-0.4200000000000017,-1.2034383954154777
JWN,34.0800,34.9100,33.5500,34.9000,2.20 M,07/26/10,0.8200000000000003,2.4061032863849774
JWN,33.2900,34.1100,32.6000,34.0800,3.84 M,07/23/10,0.5499999999999972,1.640322099612279
JWN,32.5600,33.7100,32.5600,33.5300,3.65 M,07/22/10,1.490000000000002,4.650436953807747
JWN,33.2000,33.2600,31.9200,32.0400,3.58 M,07/21/10,-0.9100000000000037,-2.7617602427921204
JWN,31.0500,32.9900,30.9000,32.9500,4.80 M,07/20/10,1.3700000000000045,4.338188727042446
JWN,32.4900,32.5800,30.7500,31.5800,6.39 M,07/19/10,-0.6700000000000017,-2.0775193798449667
JWN,34.0400,34.1400,32.1900,32.2500,3.19 M,07/16/10,-1.9799999999999969,-5.784399649430315
JWN,34.4000,34.5900,33.4700,34.2300,2.71 M,07/15/10,-0.13000000000000256,-0.37834691501746964
JWN,34.4400,34.5000,33.6700,34.3600,2.32 M,07/14/10,-0.259999999999998,-0.7510109763142635
JWN,34.6100,34.8800,34.1550,34.6200,2.71 M,07/13/10,0.46999999999999886,1.3762811127379178
JWN,34.3400,34.5100,33.6525,34.1500,1.94 M,07/12/10,-0.39000000000000057,-1.1291256514186467
JWN,33.7200,34.6500,33.4900,34.5400,3.27 M,07/09/10,0.8500000000000014,2.5230038587117884
JWN,35.6000,35.6000,32.5400,33.6900,8.69 M,07/08/10,-0.07000000000000028,-0.2073459715639819
JWN,31.8500,33.8200,31.7300,33.7600,5.29 M,07/07/10,1.7899999999999991,5.598999061620266
JWN,32.8200,33.5000,31.5300,31.9700,4.08 M,07/06/10,-0.20000000000000284,-0.62169723344732
JWN,33.1800,33.4600,32.0600,32.1700,3.20 M,07/02/10,-0.6400000000000006,-1.9506248095092975
JWN,32.2400,33.0226,31.4700,32.8100,4.56 M,07/01/10,0.6200000000000045,1.9260639950295266
JWN,32.5000,33.2725,32.0400,32.1900,4.92 M,06/30/10,-0.3200000000000003,-0.9843125192248549
JWN,34.2400,34.5700,32.3000,32.5100,6.44 M,06/29/10,-2.440000000000005,-6.981402002861244
JWN,35.7500,36.0100,34.9100,34.9500,2.76 M,06/28/10,-0.5899999999999963,-1.660101294316253
JWN,35.4400,35.7700,34.8500,35.5400,4.19 M,06/25/10,0.1599999999999966,0.4522328999434612
JWN,36.5700,36.6400,35.1800,35.3800,3.45 M,06/24/10,-1.4600000000000009,-3.9630836047774176
JWN,36.8700,37.2300,36.0000,36.8400,3.25 M,06/23/10,-0.04999999999999716,-0.1355380862022151
JWN,37.8600,38.6800,36.8300,36.8900,3.96 M,06/22/10,-0.8399999999999963,-2.226345083487931
JWN,39.2100,39.5100,37.4100,37.7300,3.38 M,06/21/10,-0.9299999999999997,-2.4055871702017586
JWN,39.3000,39.7150,38.5300,38.6600,2.50 M,06/18/10,-0.47000000000000597,-1.2011244569384256
JWN,39.8800,40.0100,38.7500,39.1300,2.25 M,06/17/10,-0.8699999999999974,-2.1749999999999936
JWN,40.0300,40.5600,39.3900,40.0000,3.27 M,06/16/10,-0.29999999999999716,-0.7444168734491245
JWN,39.3500,40.3000,39.1200,40.3000,3.51 M,06/15/10,1.4899999999999949,3.839216696727634
JWN,38.2700,39.5400,38.2700,38.8100,2.93 M,06/14/10,0.9600000000000009,2.536327608982829
JWN,37.1900,38.2500,37.0700,37.8500,2.57 M,06/11/10,0.060000000000002274,0.1587721619476112
JWN,37.0100,37.9800,36.7200,37.7900,3.35 M,06/10/10,1.4699999999999989,4.04735682819383
JWN,36.5300,37.3600,36.0600,36.3200,3.30 M,06/09/10,0.21000000000000085,0.581556355580174
JWN,35.9200,36.5000,35.2700,36.1100,4.00 M,06/08/10,0.28999999999999915,0.8096035734226665
JWN,36.5800,37.6000,35.7300,35.8200,3.22 M,06/07/10,-0.6499999999999986,-1.7822868110775942
JWN,37.7100,37.9200,36.1300,36.4700,4.92 M,06/04/10,-2.0500000000000043,-5.321910695742482
JWN,39.2600,39.3000,38.0800,38.5200,6.66 M,06/03/10,-1.7299999999999969,-4.2981366459627255
JWN,39.4700,40.2506,39.1700,40.2500,3.57 M,06/02/10,1.0,2.5477707006369426
JWN,39.1400,40.0300,38.9400,39.2500,3.51 M,06/01/10,-0.45000000000000284,-1.133501259445851
JWN,39.8700,40.4500,39.0300,39.7000,3.05 M,05/28/10,-0.21999999999999886,-0.5511022044088147
JWN,38.6000,39.9300,38.5400,39.9200,3.15 M,05/27/10,2.200000000000003,5.832449628844122
JWN,38.7100,39.1700,37.3900,37.7200,3.73 M,05/26/10,-0.6099999999999994,-1.5914427341507944
JWN,36.4100,38.3700,36.2000,38.3300,3.38 M,05/25/10,0.7299999999999969,1.9414893617021192
JWN,38.1100,38.6500,37.5300,37.6000,2.84 M,05/24/10,-0.519999999999996,-1.36411332633787
JWN,36.2900,38.6800,36.2900,38.1200,4.41 M,05/21/10,0.8599999999999994,2.30810520665593
JWN,37.4100,38.5037,36.7800,37.2600,6.73 M,05/20/10,-1.1499999999999986,-2.9940119760479007
JWN,37.5000,39.0400,37.5000,38.4100,5.54 M,05/19/10,0.3499999999999943,0.9196006305832746
JWN,39.6900,39.9700,37.9000,38.0600,3.61 M,05/18/10,-1.1899999999999977,-3.031847133757956
JWN,39.6900,39.9400,38.2500,39.2500,6.36 M,05/17/10,-0.509999999999998,-1.2826961770623693
JWN,39.8700,40.6600,39.2800,39.7600,6.02 M,05/14/10,-1.5300000000000011,-3.705497699200778
JWN,42.9700,43.1200,41.0400,41.2900,5.00 M,05/13/10,-1.740000000000002,-4.0436904485242895
JWN,42.1800,43.2400,41.6500,43.0300,3.33 M,05/12/10,0.9500000000000028,2.2576045627376495
JWN,42.9900,43.5000,41.9900,42.0800,4.76 M,05/11/10,-1.1700000000000017,-2.705202312138732
JWN,41.7900,43.3700,41.6300,43.2500,3.90 M,05/10/10,3.1899999999999977,7.963055416874682
JWN,40.1900,42.0300,39.7000,40.0600,6.97 M,05/07/10,-0.5,-1.2327416173570018
JWN,41.3500,42.9500,38.6300,40.5600,6.63 M,05/06/10,-0.9399999999999977,-2.26506024096385
JWN,41.1200,42.7900,40.7400,41.5000,2.75 M,05/05/10,-0.1700000000000017,-0.4079673626109952
JWN,42.9600,43.1800,41.4500,41.6700,2.80 M,05/04/10,-1.9600000000000009,-4.492321796928721
JWN,41.5600,44.0000,41.4200,43.6300,4.65 M,05/03/10,2.3000000000000043,5.564964916525537
JWN,43.0100,43.2200,41.2000,41.3300,4.22 M,04/30/10,-1.5799999999999983,-3.6821253786996
JWN,42.8000,43.2930,42.6600,42.9100,3.00 M,04/29/10,0.44999999999999574,1.0598210080075265
JWN,42.9900,43.5900,42.0400,42.4600,3.10 M,04/28/10,-0.39000000000000057,-0.9101516919486594
JWN,44.4500,44.4900,42.6900,42.8500,3.88 M,04/27/10,-1.8299999999999983,-4.0957923008057255
JWN,45.9500,46.2200,44.5800,44.6800,3.74 M,04/26/10,-1.2199999999999989,-2.657952069716773
JWN,45.3300,45.9700,45.0500,45.9000,3.37 M,04/23/10,0.5599999999999952,1.2351124834583043
JWN,43.3200,45.5500,43.2300,45.3400,4.79 M,04/22/10,1.6200000000000045,3.7053979871912275
JWN,42.7300,43.8700,42.5800,43.7200,3.49 M,04/21/10,0.8399999999999963,1.9589552238805883
JWN,42.3800,42.9000,42.0200,42.8800,2.84 M,04/20/10,0.6900000000000048,1.635458639488042
JWN,42.6300,42.9900,41.0300,42.1900,3.49 M,04/19/10,-0.7600000000000051,-1.769499417927835
JWN,43.2100,43.5600,42.5700,42.9500,3.28 M,04/16/10,-0.509999999999998,-1.1734928670041371
JWN,42.7300,43.6100,42.5200,43.4600,2.87 M,04/15/10,0.509999999999998,1.1874272409778766
JWN,42.0900,43.1000,41.8600,42.9500,2.12 M,04/14/10,1.1200000000000045,2.677504183600298
JWN,41.9000,42.3000,41.6000,41.8300,2.08 M,04/13/10,-0.17999999999999972,-0.4284694120447506
JWN,42.6600,42.7000,41.9500,42.0100,2.03 M,04/12/10,-0.5399999999999991,-1.2690951821386585
JWN,41.7500,42.6100,41.4400,42.5500,2.53 M,04/09/10,1.1099999999999994,2.6785714285714275
JWN,42.0900,42.0900,41.3500,41.4400,3.50 M,04/08/10,-0.6600000000000037,-1.5676959619952582
JWN,43.3800,43.3800,41.8800,42.1000,4.04 M,04/07/10,-1.269999999999996,-2.9282914456997835
JWN,42.6100,43.4200,42.1500,43.3700,2.75 M,04/06/10,0.6099999999999994,1.4265668849391941
JWN,41.5400,42.8800,41.3300,42.7600,1.91 M,04/05/10,1.259999999999998,3.036144578313248
JWN,41.2500,41.6900,41.1100,41.5000,1.22 M,04/01/10,0.6499999999999986,1.5911872705018324
JWN,41.1400,41.3600,40.7000,40.8500,1.61 M,03/31/10,-0.509999999999998,-1.23307543520309
JWN,41.6400,41.8100,41.0000,41.3600,1.56 M,03/30/10,-0.45000000000000284,-1.0762975364745344
JWN,42.0200,42.2000,41.4400,41.8100,1.93 M,03/29/10,0.060000000000002274,0.14371257485030484
JWN,41.3700,42.1400,41.3200,41.7500,2.29 M,03/26/10,0.5600000000000023,1.3595532896334117
JWN,41.2000,41.9500,41.0100,41.1900,2.39 M,03/25/10,0.30999999999999517,0.7583170254403012
JWN,41.3000,41.3800,40.6500,40.8800,1.71 M,03/24/10,-0.5799999999999983,-1.3989387361312067
JWN,41.2900,41.5800,40.7800,41.4600,2.24 M,03/23/10,0.1700000000000017,0.411721966577868
JWN,40.0700,41.3800,40.0000,41.2900,2.81 M,03/22/10,0.8699999999999974,2.1523998020781727
JWN,40.3700,41.0700,40.1100,40.4200,4.01 M,03/19/10,0.1600000000000037,0.397416790859423
JWN,39.8100,40.2900,39.6600,40.2600,3.31 M,03/18/10,0.3500000000000014,0.8769731896767764
JWN,39.7800,39.9400,39.3400,39.9100,2.48 M,03/17/10,0.18999999999999773,0.4783484390735089
JWN,39.7200,40.1300,39.4200,39.7200,1.80 M,03/16/10,-0.28000000000000114,-0.7000000000000028
JWN,39.4000,40.0000,39.3500,40.0000,1.82 M,03/15/10,0.1700000000000017,0.42681395932714467
JWN,39.2500,39.9700,39.0200,39.8300,3.01 M,03/12/10,0.8900000000000006,2.2855675398048296
JWN,38.9100,39.2200,38.6200,38.9400,2.20 M,03/11/10,-0.21000000000000085,-0.5363984674329524
JWN,39.2700,39.4450,39.0000,39.1500,1.94 M,03/10/10,0.00999999999999801,0.025549310168620363
JWN,39.0800,39.5700,38.9000,39.1400,2.16 M,03/09/10,-0.18999999999999773,-0.4830917874396078
JWN,39.0900,39.4900,38.8300,39.3300,2.07 M,03/08/10,0.3200000000000003,0.8203024865419131
JWN,38.6600,39.2100,38.3600,39.0100,1.88 M,03/05/10,0.6899999999999977,1.8006263048016642
JWN,38.2400,38.6100,37.8900,38.3200,2.47 M,03/04/10,0.509999999999998,1.3488495107114467
JWN,37.6700,38.1800,37.4000,37.8100,2.90 M,03/03/10,0.10999999999999943,0.2917771883289109
JWN,37.7300,38.0000,37.5800,37.7000,2.03 M,03/02/10,0.10999999999999943,0.2926310188880006
JWN,36.8600,37.8000,36.7000,37.5900,2.44 M,03/01/10,0.6500000000000057,1.759610178668126
JWN,36.9000,37.1800,36.6200,36.9400,1.84 M,02/26/10,0.05999999999999517,0.16268980477222117
JWN,35.9900,37.0000,35.7500,36.8800,2.66 M,02/25/10,0.28999999999999915,0.7925662749385054
JWN,36.2300,36.6300,36.0700,36.5900,2.28 M,02/24/10,0.4000000000000057,1.1052777010223978
JWN,35.2300,36.3900,35.1300,36.1900,6.21 M,02/23/10,0.05999999999999517,0.16606698034872727
JWN,36.1100,36.3500,35.9100,36.1300,4.44 M,02/22/10,0.4299999999999997,1.2044817927170859
JWN,35.2500,36.2400,35.1700,35.7000,4.43 M,02/19/10,0.6799999999999997,1.941747572815533
JWN,34.9500,35.0900,34.6200,35.0200,1.61 M,02/18/10,-0.09999999999999432,-0.28473804100226174
JWN,35.3500,35.6000,35.0000,35.1200,1.44 M,02/17/10,0.03999999999999915,0.11402508551881171
JWN,34.8400,35.1800,34.4300,35.0800,2.79 M,02/16/10,0.8799999999999955,2.573099415204665
JWN,33.3300,34.3525,33.2900,34.2000,2.62 M,02/12/10,0.39000000000000057,1.1535048802129564
JWN,33.4800,33.8300,33.2800,33.8100,3.21 M,02/11/10,0.20000000000000284,0.595060993751868
JWN,34.0300,34.3400,33.4200,33.6100,2.65 M,02/10/10,-0.5,-1.4658457930225741
JWN,34.5100,34.7500,33.9900,34.1100,4.49 M,02/09/10,0.10999999999999943,0.32352941176470423
JWN,34.2700,34.8500,33.7000,34.0000,4.29 M,02/08/10,0.060000000000002274,0.17678255745433788
JWN,34.3000,34.4800,32.7810,33.9400,5.51 M,02/05/10,-1.1700000000000017,-3.3323839362005176
JWN,36.5900,36.6900,35.0600,35.1100,6.40 M,02/04/10,-0.9399999999999977,-2.607489597780854
JWN,36.0500,36.2400,35.4450,36.0500,2.99 M,02/03/10,-0.37000000000000455,-1.0159253157605836
JWN,35.2200,36.5600,35.0900,36.4200,3.35 M,02/02/10,1.230000000000004,3.4953111679454505
JWN,34.8400,35.2400,34.4200,35.1900,3.09 M,02/01/10,0.6499999999999986,1.8818760856977377
JWN,34.9200,35.6600,34.5200,34.5400,2.20 M,01/29/10,-0.259999999999998,-0.7471264367816035
JWN,35.0100,35.1900,34.4600,34.8000,2.53 M,01/28/10,0.04999999999999716,0.14388489208632277
JWN,35.0000,35.3500,34.3300,34.7500,2.65 M,01/27/10,-0.28000000000000114,-0.7993148729660323
JWN,34.0900,35.7500,34.0900,35.0300,2.99 M,01/26/10,0.7100000000000009,2.0687645687645713
JWN,34.4400,34.6100,34.0200,34.3200,1.99 M,01/25/10,0.17999999999999972,0.5272407732864667
JWN,35.3300,35.3600,34.0700,34.1400,4.30 M,01/22/10,-0.5899999999999963,-1.698819464439955
JWN,35.8200,36.1700,34.6300,34.7300,2.92 M,01/21/10,-0.8900000000000006,-2.498596294216734
JWN,35.6900,35.8800,35.3000,35.6200,2.26 M,01/20/10,-0.5800000000000054,-1.602209944751396
JWN,36.0200,36.3800,35.8001,36.2000,2.36 M,01/19/10,0.17999999999999972,0.49972237645752277
JWN,36.5200,37.0600,35.9100,36.0200,3.86 M,01/15/10,-0.7099999999999937,-1.9330247753879495
JWN,37.4400,37.4900,36.6200,36.7300,1.82 M,01/14/10,-0.6300000000000026,-1.6862955032119984
JWN,37.1100,37.4400,36.7000,37.3600,1.48 M,01/13/10,0.5499999999999972,1.4941591958706795
JWN,37.8700,38.0400,36.7500,36.8100,3.47 M,01/12/10,-1.5399999999999991,-4.015645371577572
JWN,38.1400,38.3900,37.6600,38.3500,2.06 M,01/11/10,0.5600000000000023,1.4818735115109878
JWN,38.7600,38.8700,37.6500,37.7900,3.93 M,01/08/10,-1.1400000000000006,-2.928332905214489
JWN,37.8100,39.0100,37.1800,38.9300,4.65 M,01/07/10,1.5,4.007480630510286
JWN,37.3200,37.6700,37.1900,37.4300,3.78 M,01/06/10,0.10000000000000142,0.26788106080900465
JWN,37.7800,38.1700,37.2010,37.3300,5.01 M,01/05/10,-0.5900000000000034,-1.5559071729957896
JWN,38.1300,38.1500,37.5500,37.9200,2.82 M,01/04/10,0.3400000000000034,0.9047365620010736
JWN,38.1100,38.3100,37.5318,37.5800,1.31 M,12/31/09,-0.5900000000000034,-1.5457165313073182
JWN,38.0700,38.5200,37.9500,38.1700,1.81 M,12/30/09,-0.21999999999999886,-0.5730659025787936
JWN,37.8500,38.7100,37.6900,38.3900,2.13 M,12/29/09,0.5900000000000034,1.56084656084657
JWN,37.4300,38.0900,37.3200,37.8000,1.64 M,12/28/09,0.4299999999999997,1.15065560610115
JWN,37.5500,37.8100,37.2200,37.3700,701124,12/24/09,-0.10000000000000142,-0.2668801708033131
JWN,36.8600,37.5100,36.6100,37.4700,1.74 M,12/23/09,0.7899999999999991,2.1537622682660826
JWN,36.7400,37.0200,36.5500,36.6800,1.47 M,12/22/09,-0.10999999999999943,-0.2989942919271526
JWN,35.7600,36.8300,35.5000,36.7900,2.62 M,12/21/09,1.1099999999999994,3.1109865470852003
JWN,35.3700,35.6800,34.5600,35.6800,3.09 M,12/18/09,0.5200000000000031,1.478953356086471
JWN,35.6300,36.0300,35.1500,35.1600,2.54 M,12/17/09,-0.9000000000000057,-2.4958402662229773
JWN,36.1500,36.7050,35.9900,36.0600,2.50 M,12/16/09,0.10999999999999943,0.3059805285118204
JWN,36.6200,36.6500,35.8100,35.9500,2.45 M,12/15/09,-0.8799999999999955,-2.3893565028509247
JWN,36.2600,36.8300,35.7100,36.8300,2.28 M,12/14/09,0.7800000000000011,2.1636615811373128
JWN,35.6600,36.0600,35.4400,36.0500,1.86 M,12/11/09,0.5399999999999991,1.5206983948183588
JWN,34.7800,35.6100,34.7700,35.5100,2.29 M,12/10/09,0.8200000000000003,2.363793600461229
JWN,34.8900,34.9400,34.1600,34.6900,2.14 M,12/09/09,-0.39000000000000057,-1.1117445838084394
JWN,34.8600,35.6300,34.4600,35.0800,2.98 M,12/08/09,-0.1700000000000017,-0.48226950354610415
JWN,35.3400,35.8200,35.1700,35.2500,2.65 M,12/07/09,0.00999999999999801,0.028376844494886522
JWN,35.7100,36.4800,34.8400,35.2400,4.06 M,12/04/09,0.2700000000000031,0.772090363168439
JWN,35.0200,35.6000,34.5100,34.9700,5.18 M,12/03/09,0.25,0.7200460829493088
JWN,34.2800,35.2500,34.1800,34.7200,3.53 M,12/02/09,0.37999999999999545,1.1065812463599167
JWN,33.8900,34.7300,33.5500,34.3400,3.95 M,12/01/09,0.8900000000000006,2.6606875934230207
JWN,34.0900,34.0900,32.8300,33.4500,4.29 M,11/30/09,-0.5700000000000003,-1.6754850088183428
JWN,33.9000,34.7500,33.6700,34.0200,1.91 M,11/27/09,-0.8099999999999952,-2.3255813953488236
JWN,33.9700,34.9100,33.8100,34.8300,2.94 M,11/25/09,0.9899999999999949,2.9255319148936016
JWN,33.8500,34.2000,33.6300,33.8400,2.25 M,11/24/09,-0.14999999999999858,-0.4413062665489808
JWN,34.4900,34.5600,33.5600,33.9900,3.62 M,11/23/09,0.03999999999999915,0.11782032400588849
JWN,34.0300,34.7800,33.5000,33.9500,3.27 M,11/20/09,-0.27999999999999403,-0.8179959100204325
JWN,34.4900,34.4900,33.6200,34.2300,3.17 M,11/19/09,-0.6400000000000006,-1.8353885861772314
JWN,34.5000,35.1000,34.4200,34.8700,2.93 M,11/18/09,0.04999999999999716,0.14359563469269718
JWN,34.9100,35.1000,33.9200,34.8200,6.21 M,11/17/09,-0.22999999999999687,-0.6562054208273805
JWN,35.4600,35.4600,34.6600,35.0500,4.80 M,11/16/09,1.0599999999999952,3.118564283612813
JWN,33.1400,34.0800,32.4100,33.9900,12.28 M,11/13/09,-0.519999999999996,-1.5068096203998727
JWN,35.1200,35.4600,33.9800,34.5100,5.59 M,11/12/09,-0.3500000000000014,-1.0040160642570322
JWN,35.4600,35.8900,34.4600,34.8600,5.50 M,11/11/09,-0.6499999999999986,-1.8304702900591343
JWN,34.8900,35.6900,34.8900,35.5100,3.26 M,11/10/09,0.3500000000000014,0.9954493742889688
JWN,34.2100,35.5882,34.2100,35.1600,5.45 M,11/09/09,1.2299999999999969,3.625110521662237
JWN,33.5800,34.2300,33.0900,33.9300,3.14 M,11/06/09,0.00999999999999801,0.02948113207546583
JWN,33.2300,33.9600,32.4100,33.9200,6.36 M,11/05/09,1.3200000000000003,4.049079754601228
JWN,33.1900,33.3600,32.3500,32.6000,5.24 M,11/04/09,-0.07000000000000028,-0.21426385062748785
JWN,31.8600,32.7900,31.3200,32.6700,6.24 M,11/03/09,0.38000000000000256,1.1768349334159263
JWN,33.1000,33.1000,31.6800,32.2900,7.00 M,11/02/09,0.509999999999998,1.6047828823159156
JWN,32.0300,32.8900,31.1900,31.7800,7.24 M,10/30/09,-0.4099999999999966,-1.2736874805840217
JWN,30.9900,32.4100,30.9700,32.1900,6.47 M,10/29/09,1.5299999999999976,4.990215264187859
JWN,31.7500,32.1000,30.5400,30.6600,4.30 M,10/28/09,-1.2800000000000011,-4.0075140889167225
JWN,33.2600,33.6300,31.8800,31.9400,6.79 M,10/27/09,-1.4999999999999964,-4.485645933014344
JWN,33.8000,34.6300,33.2300,33.4400,4.42 M,10/26/09,-0.20000000000000284,-0.5945303210463818
JWN,34.6500,34.9300,33.5800,33.6400,3.66 M,10/23/09,-0.7100000000000009,-2.0669577874818073
JWN,33.9600,34.6900,33.9600,34.3500,6.70 M,10/22/09,0.5200000000000031,1.537097250960695
JWN,35.0600,35.6200,33.7200,33.8300,4.65 M,10/21/09,-1.3800000000000026,-3.919341096279473
JWN,36.0100,36.0200,35.1000,35.2100,3.58 M,10/20/09,-0.6400000000000006,-1.7852161785216194
JWN,34.6000,36.5200,34.6000,35.8500,6.65 M,10/19/09,1.4299999999999997,4.1545613015688545
JWN,34.5900,34.7300,33.6100,34.4200,4.77 M,10/16/09,0.030000000000001137,0.0872346612387355
JWN,34.6100,34.9500,34.1300,34.3900,3.37 M,10/15/09,-0.3999999999999986,-1.1497556769186508
JWN,34.2400,34.9600,34.2400,34.7900,4.20 M,10/14/09,0.8500000000000014,2.5044195639363624
JWN,33.5700,34.1300,33.4700,33.9400,3.31 M,10/13/09,0.3299999999999983,0.9818506396905632
JWN,33.2200,34.1900,33.2200,33.6100,3.79 M,10/12/09,0.35999999999999943,1.0827067669172916
JWN,33.2800,33.5300,32.8800,33.2500,3.26 M,10/09/09,-0.3200000000000003,-0.9532320524277638
JWN,32.4100,33.7300,32.3100,33.5700,6.30 M,10/08/09,1.2899999999999991,3.9962825278810383
JWN,31.9900,32.5500,31.6700,32.2800,4.32 M,10/07/09,0.18999999999999773,0.5920847616079704
JWN,31.9900,32.2850,31.6700,32.0900,5.29 M,10/06/09,0.38000000000000256,1.1983601387574978
JWN,29.7100,31.7100,29.7100,31.7100,8.17 M,10/05/09,2.7600000000000016,9.53367875647669
JWN,29.0800,29.3400,28.6900,28.9500,4.61 M,10/02/09,-0.4400000000000013,-1.4971078598162684
JWN,30.3700,30.7300,29.2800,29.3900,4.08 M,10/01/09,-1.1499999999999986,-3.7655533726260595
JWN,30.7700,30.8800,29.8400,30.5400,3.54 M,09/30/09,-0.21000000000000085,-0.6829268292682955
JWN,30.8000,31.1200,30.0000,30.7500,4.82 M,09/29/09,0.14999999999999858,0.49019607843136787
JWN,30.4100,30.8600,30.2900,30.6000,6.62 M,09/28/09,0.39000000000000057,1.2909632571996046
JWN,30.7200,30.7400,30.0900,30.2100,4.16 M,09/25/09,-0.4299999999999997,-1.4033942558746726
JWN,31.2800,31.5800,30.5100,30.6400,3.50 M,09/24/09,-0.5700000000000003,-1.8263377122717086
JWN,32.0700,32.4800,31.1900,31.2100,3.62 M,09/23/09,-1.019999999999996,-3.1647533354017874
JWN,31.8500,32.8100,31.6900,32.2300,3.03 M,09/22/09,0.6299999999999955,1.993670886075935
JWN,31.6200,31.9000,31.2000,31.6000,2.32 M,09/21/09,-0.2799999999999976,-0.8782936010037565
JWN,31.8600,32.1400,31.2400,31.8800,3.51 M,09/18/09,0.17999999999999972,0.5678233438485796
JWN,31.3100,32.1600,31.2400,31.7000,5.88 M,09/17/09,0.25,0.794912559618442
JWN,30.6000,31.5300,30.3500,31.4500,6.63 M,09/16/09,1.009999999999998,3.3180026281208868
JWN,29.7300,31.0000,29.1100,30.4400,7.02 M,09/15/09,0.6900000000000013,2.319327731092441
JWN,29.1200,29.7898,28.6500,29.7500,3.93 M,09/14/09,0.4200000000000017,1.431980906921247
JWN,29.9000,29.9400,29.0000,29.3300,3.31 M,09/11/09,-0.610000000000003,-2.037408149632608
JWN,29.7500,30.0550,29.3000,29.9400,3.36 M,09/10/09,0.19000000000000128,0.6386554621848782
JWN,29.1200,29.8500,28.6600,29.7500,3.43 M,09/09/09,0.5700000000000003,1.9533927347498297
JWN,29.0000,29.9500,28.9200,29.1800,4.80 M,09/08/09,-0.05000000000000071,-0.17105713308245196
JWN,29.5200,29.5200,28.8600,29.2300,4.06 M,09/04/09,-0.34999999999999787,-1.18323191345503
JWN,27.4600,29.6700,27.1700,29.5800,8.43 M,09/03/09,2.389999999999997,8.78999632217726
JWN,27.2100,27.7200,26.9800,27.1900,3.97 M,09/02/09,-0.35999999999999943,-1.306715063520869
JWN,27.9900,28.9200,27.3200,27.5500,4.14 M,09/01/09,-0.48999999999999844,-1.7475035663338032
JWN,28.3800,28.4100,27.8700,28.0400,3.45 M,08/31/09,-0.5600000000000023,-1.958041958041966
JWN,28.7000,29.0900,28.5000,28.6000,3.52 M,08/28/09,0.15000000000000213,0.527240773286475
JWN,28.4900,28.8900,28.1100,28.4500,3.39 M,08/27/09,-0.33999999999999986,-1.1809656130600898
JWN,29.1600,29.5600,28.6000,28.7900,3.01 M,08/26/09,-0.33000000000000185,-1.1332417582417647
JWN,28.3600,29.2900,28.0200,29.1200,5.49 M,08/25/09,1.0199999999999996,3.629893238434162
JWN,28.1400,28.5700,28.0200,28.1000,4.78 M,08/24/09,-0.07000000000000028,-0.24849130280440285
JWN,27.9900,28.7800,27.8000,28.1700,3.41 M,08/21/09,0.360000000000003,1.2944983818770335
JWN,27.6000,27.9900,27.3900,27.8100,4.14 M,08/20/09,0.13999999999999702,0.5059631369714384
JWN,26.6200,27.7100,26.2500,27.6700,4.40 M,08/19/09,0.7000000000000028,2.5954764553207372
JWN,27.2200,27.4900,26.5800,26.9700,4.12 M,08/18/09,-0.030000000000001137,-0.11111111111111532
JWN,27.0600,27.5300,26.8600,27.0000,6.22 M,08/17/09,-0.870000000000001,-3.121636167922501
JWN,29.1200,29.8300,27.5900,27.8700,10.68 M,08/14/09,-1.8900000000000006,-6.350806451612905
JWN,29.7400,29.8900,28.5400,29.7600,5.46 M,08/13/09,0.33999999999999986,1.1556764106050301
JWN,29.0600,29.8670,28.9200,29.4200,5.87 M,08/12/09,0.020000000000003126,0.06802721088436438
JWN,29.2700,29.9000,28.7500,29.4000,4.88 M,08/11/09,0.03999999999999915,0.13623978201634587
JWN,30.2100,30.3700,29.0200,29.3600,6.81 M,08/10/09,-0.9400000000000013,-3.1023102310231065
JWN,28.5000,30.7300,28.4500,30.3000,5.85 M,08/07/09,2.289999999999999,8.175651553016776
JWN,28.4000,29.2500,27.6900,28.0100,4.37 M,08/06/09,0.05000000000000071,0.17882689556509554
JWN,27.2600,28.1800,26.5900,27.9600,6.19 M,08/05/09,0.8300000000000018,3.05934389974199
JWN,27.3000,27.7200,26.9800,27.1300,4.00 M,08/04/09,-0.370000000000001,-1.345454545454549
JWN,27.0000,27.5000,26.5400,27.5000,4.74 M,08/03/09,1.0599999999999987,4.009077155824503
JWN,25.7900,26.6400,25.5100,26.4400,4.01 M,07/31/09,0.9000000000000021,3.5238841033672754
JWN,25.6200,26.5600,25.4600,25.5400,4.09 M,07/30/09,0.23000000000000043,0.9087317265902822
JWN,25.5400,25.9500,24.8400,25.3100,4.14 M,07/29/09,-0.5,-1.9372336303758235
JWN,25.8000,26.3000,25.2800,25.8100,3.20 M,07/28/09,-0.360000000000003,-1.3756209400076536
JWN,26.6100,26.6500,25.4400,26.1700,3.80 M,07/27/09,-0.46999999999999886,-1.7642642642642599
JWN,25.6600,26.7000,25.2700,26.6400,4.97 M,07/24/09,0.8500000000000014,3.295851105079494
JWN,24.2800,26.4000,23.8700,25.7900,9.53 M,07/23/09,1.5299999999999976,6.306677658697435
JWN,23.1000,24.4000,23.1000,24.2600,5.29 M,07/22/09,0.9500000000000028,4.075504075504088
JWN,23.7200,23.7900,22.6600,23.3100,4.40 M,07/21/09,-0.14000000000000057,-0.5970149253731367
JWN,22.2500,23.5000,22.1000,23.4500,4.88 M,07/20/09,1.4499999999999993,6.590909090909088
JWN,21.4800,22.2400,21.4800,22.0000,3.60 M,07/17/09,0.21000000000000085,0.9637448370812338
JWN,21.5800,21.9700,21.0300,21.7900,3.31 M,07/16/09,0.16999999999999815,0.7863089731729794
JWN,20.2700,21.6900,20.2600,21.6200,5.71 M,07/15/09,1.5100000000000016,7.50870213823969
JWN,20.1500,20.2500,19.6400,20.1100,4.66 M,07/14/09,0.030000000000001137,0.14940239043825268
JWN,19.7200,20.0900,19.0300,20.0800,3.37 M,07/13/09,0.5599999999999987,2.868852459016387
JWN,19.4600,20.1900,19.3100,19.5200,2.83 M,07/10/09,-0.1999999999999993,-1.014198782961457
JWN,19.3900,20.0500,19.1800,19.7200,5.75 M,07/09/09,0.759999999999998,4.0084388185653905
JWN,18.1800,19.0900,18.1800,18.9600,5.42 M,07/08/09,0.6500000000000021,3.5499726925177617
JWN,19.3200,19.3200,18.2200,18.3100,4.35 M,07/07/09,-0.9100000000000001,-4.734651404786682
JWN,18.7500,19.6100,18.5100,19.2200,4.85 M,07/06/09,0.5899999999999999,3.1669350509930214
JWN,19.7600,19.7600,18.6300,18.6300,3.59 M,07/02/09,-1.4299999999999997,-7.128614157527417
JWN,19.9600,20.6400,19.8700,20.0600,3.14 M,07/01/09,0.16999999999999815,0.8547008547008453
JWN,19.9500,20.4900,19.5300,19.8900,5.10 M,06/30/09,0.240000000000002,1.221374045801537
JWN,19.5900,19.9300,19.1400,19.6500,2.77 M,06/29/09,0.11999999999999744,0.6144393241167303
JWN,19.6600,19.9900,19.4200,19.5300,3.07 M,06/26/09,-0.0799999999999983,-0.4079551249362483
JWN,18.8700,20.0000,18.8700,19.6100,4.75 M,06/25/09,0.5300000000000011,2.777777777777784
JWN,18.4600,19.5300,18.3800,19.0800,4.61 M,06/24/09,0.8099999999999987,4.433497536945806
JWN,18.9300,19.1800,18.1500,18.2700,4.30 M,06/23/09,-0.6700000000000017,-3.5374868004223954
JWN,19.2000,19.2000,18.5000,18.9400,4.06 M,06/22/09,-0.2699999999999996,-1.4055179593961455
JWN,19.2500,19.4500,18.8500,19.2100,4.96 M,06/19/09,0.23000000000000043,1.2118018967334059
JWN,19.0700,19.1600,18.5200,18.9800,3.66 M,06/18/09,-0.08999999999999986,-0.4719454640797056
JWN,18.9900,19.4400,18.2800,19.0700,5.80 M,06/17/09,0.08000000000000185,0.4212743549236538
JWN,20.4700,20.5600,18.9400,18.9900,6.19 M,06/16/09,-1.3900000000000006,-6.820412168792937
JWN,20.4500,20.5800,20.1400,20.3800,3.98 M,06/15/09,-0.39000000000000057,-1.8777082330284092
JWN,20.4000,20.8400,19.9500,20.7700,3.98 M,06/12/09,0.25,1.2183235867446394
JWN,20.6100,20.9300,20.2500,20.5200,4.05 M,06/11/09,-0.25,-1.203659123736158
JWN,21.5300,21.6997,20.4100,20.7700,4.05 M,06/10/09,-0.6000000000000014,-2.807674309780072
JWN,21.3700,21.6200,20.9700,21.3700,3.00 M,06/09/09,0.22000000000000242,1.0401891252955198
JWN,20.5400,21.4000,20.2000,21.1500,3.71 M,06/08/09,0.05999999999999872,0.2844950213371205
JWN,21.5400,21.9700,20.7100,21.0900,4.11 M,06/05/09,-0.14000000000000057,-0.6594441827602476
JWN,22.4700,22.4700,20.9200,21.2300,9.60 M,06/04/09,-1.5899999999999999,-6.967572304995618
JWN,22.7200,23.1100,22.3600,22.8200,5.57 M,06/03/09,-0.21000000000000085,-0.9118541033434687
JWN,22.1800,23.4600,21.8000,23.0300,10.07 M,06/02/09,0.5800000000000018,2.583518930957692
JWN,19.7500,22.6900,19.7500,22.4500,10.12 M,06/01/09,2.759999999999998,14.017267648552552
JWN,19.6600,20.2100,19.4900,19.6900,8.44 M,05/29/09,0.1700000000000017,0.870901639344271
JWN,20.3700,20.7400,19.2100,19.5200,9.07 M,05/28/09,-1.3599999999999994,-6.513409961685821
JWN,21.2900,22.0900,20.8300,20.8800,4.74 M,05/27/09,-0.4800000000000004,-2.247191011235957
JWN,20.6100,21.9600,20.2500,21.3600,4.89 M,05/26/09,0.5199999999999996,2.495201535508635
JWN,21.0000,21.2600,20.2500,20.8400,3.34 M,05/22/09,-0.05999999999999872,-0.28708133971291255
JWN,21.9400,22.2300,20.7400,20.9000,7.02 M,05/21/09,-1.3200000000000003,-5.940594059405942
JWN,23.1000,23.8900,22.0300,22.2200,7.24 M,05/20/09,-0.7100000000000009,-3.0963802878325377
JWN,22.6400,23.4700,22.4000,22.9300,4.47 M,05/19/09,-0.030000000000001137,-0.1306620209059283
JWN,22.4300,23.0500,21.7700,22.9600,7.47 M,05/18/09,0.38000000000000256,1.6829052258636075
JWN,21.6400,23.0500,21.4100,22.5800,17.14 M,05/15/09,1.629999999999999,7.780429594272071
JWN,20.3400,21.7300,20.2000,20.9500,6.47 M,05/14/09,0.6799999999999997,3.3547113961519472
JWN,21.3100,21.5700,19.9900,20.2700,10.08 M,05/13/09,-1.7300000000000004,-7.863636363636366
JWN,22.5200,22.9700,21.3000,22.0000,6.57 M,05/12/09,-0.4200000000000017,-1.8733273862622732
JWN,22.6600,23.1900,21.8800,22.4200,5.83 M,05/11/09,-0.6799999999999997,-2.943722943722942
JWN,23.2900,23.7600,22.0100,23.1000,5.54 M,05/08/09,-0.1999999999999993,-0.8583690987124433
JWN,24.5500,25.0000,22.2600,23.3000,9.96 M,05/07/09,-0.4800000000000004,-2.018502943650128
JWN,24.4100,24.9700,23.2500,23.7800,9.75 M,05/06/09,-0.11999999999999744,-0.5020920502091943
JWN,23.6900,24.6200,23.5100,23.9000,5.89 M,05/05/09,-0.060000000000002274,-0.25041736227046024
JWN,22.8200,24.0800,22.2700,23.9600,5.62 M,05/04/09,1.4600000000000009,6.4888888888888925
JWN,22.6700,22.9900,21.8300,22.5000,4.04 M,05/01/09,-0.129999999999999,-0.5744586831639373
JWN,21.9800,23.1700,21.7000,22.6300,5.97 M,04/30/09,0.9800000000000004,4.526558891454967
JWN,21.9900,22.4000,21.5000,21.6500,5.66 M,04/29/09,0.019999999999999574,0.09246417013407109
JWN,21.4100,22.3200,21.0900,21.6300,4.24 M,04/28/09,-0.13000000000000256,-0.597426470588247
JWN,22.1200,22.2600,21.3100,21.7600,4.99 M,04/27/09,-0.7399999999999984,-3.288888888888882
JWN,21.3700,22.8500,21.2000,22.5000,6.18 M,04/24/09,1.3599999999999994,6.433301797540206
JWN,21.9300,21.9500,20.4100,21.1400,5.00 M,04/23/09,-0.3000000000000007,-1.399253731343287
JWN,20.5800,22.7500,20.5400,21.4400,7.53 M,04/22/09,0.23000000000000043,1.0843941537010864
JWN,20.3700,21.4800,20.2500,21.2100,5.17 M,04/21/09,0.4200000000000017,2.0202020202020283
JWN,22.0400,22.0400,20.5800,20.7900,6.52 M,04/20/09,-1.4700000000000024,-6.60377358490567
JWN,21.2600,22.3300,20.9800,22.2600,6.61 M,04/17/09,1.0200000000000031,4.802259887005665
JWN,20.1300,21.7600,20.0200,21.2400,7.23 M,04/16/09,1.2999999999999972,6.51955867602807
JWN,20.7600,20.9600,19.2000,19.9400,8.29 M,04/15/09,-1.0299999999999976,-4.91177873152121
JWN,20.7500,21.9800,20.7200,20.9700,6.85 M,04/14/09,-1.2900000000000027,-5.795148247978449
JWN,21.5100,22.4700,21.1100,22.2600,7.09 M,04/13/09,0.3500000000000014,1.5974440894568755
JWN,19.6500,22.0000,18.9800,21.9100,11.41 M,04/09/09,3.2399999999999984,17.35404392072843
JWN,17.2600,18.9300,17.2600,18.6700,7.71 M,04/08/09,1.7300000000000004,10.212514757969306
JWN,18.0200,18.1000,16.8900,16.9400,6.46 M,04/07/09,-1.8099999999999987,-9.653333333333327
JWN,19.1800,19.2000,18.2800,18.7500,4.15 M,04/06/09,-0.7300000000000004,-3.7474332648870656
JWN,18.3800,19.5200,18.3000,19.4800,5.48 M,04/03/09,1.0800000000000018,5.869565217391314
JWN,17.5300,18.9000,17.5300,18.4000,5.22 M,04/02/09,1.259999999999998,7.351225204200689
JWN,16.4500,17.2250,16.1700,17.1400,4.29 M,04/01/09,0.39000000000000057,2.3283582089552275
JWN,17.0200,17.2200,15.8400,16.7500,5.83 M,03/31/09,-0.030000000000001137,-0.17878426698451214
JWN,17.0300,17.0999,16.3600,16.7800,3.98 M,03/30/09,-1.009999999999998,-5.677346824058449
JWN,17.7000,17.9500,17.1500,17.7900,6.55 M,03/27/09,0.019999999999999574,0.11254924029262563
JWN,16.6600,17.8700,16.3701,17.7700,6.74 M,03/26/09,1.4499999999999993,8.884803921568624
JWN,16.7800,17.7200,15.4700,16.3200,8.41 M,03/25/09,-0.0799999999999983,-0.48780487804877015
JWN,15.6200,16.8700,15.4000,16.4000,7.55 M,03/24/09,0.5699999999999985,3.6007580543272173
JWN,15.0700,15.8400,14.1900,15.8300,4.92 M,03/23/09,1.4499999999999993,10.083449235048674
JWN,15.2800,15.3600,14.0300,14.3800,4.73 M,03/20/09,-0.879999999999999,-5.766710353866311
JWN,15.8900,16.0000,15.0950,15.2600,4.31 M,03/19/09,-0.27999999999999936,-1.8018018018017978
JWN,15.3800,15.9900,14.7900,15.5400,9.41 M,03/18/09,-0.1700000000000017,-1.082113303628273
JWN,15.2600,15.7700,14.8400,15.7100,4.63 M,03/17/09,0.6800000000000015,4.524284763805731
JWN,15.7300,16.0000,14.9500,15.0300,6.72 M,03/16/09,-0.5200000000000014,-3.344051446945346
JWN,15.3000,16.1400,15.0300,15.5500,5.36 M,03/13/09,0.2900000000000009,1.9003931847968607
JWN,14.3800,15.3400,14.0200,15.2600,6.40 M,03/12/09,0.8200000000000003,5.6786703601108055
JWN,14.0100,14.8500,13.6000,14.4400,7.37 M,03/11/09,0.5899999999999999,4.259927797833934
JWN,12.6800,14.0000,12.5500,13.8500,7.30 M,03/10/09,1.5,12.145748987854251
JWN,11.9500,12.8800,11.8700,12.3500,5.98 M,03/09/09,0.1899999999999995,1.5624999999999958
JWN,12.3500,12.5700,11.6700,12.1600,6.56 M,03/06/09,-0.07000000000000028,-0.5723630417007382
JWN,12.8800,12.9700,12.0400,12.2300,8.79 M,03/05/09,-1.3599999999999994,-10.00735835172921
JWN,12.9100,13.9200,12.8400,13.5900,5.95 M,03/04/09,0.6799999999999997,5.267234701781563
JWN,13.0600,13.3000,12.4500,12.9100,6.89 M,03/03/09,0.05000000000000071,0.3888024883359309
JWN,13.2000,13.5700,12.7400,12.8600,5.60 M,03/02/09,-0.6100000000000012,-4.528582034149972
JWN,12.5000,13.7100,12.3500,13.4700,6.20 M,02/27/09,0.5,3.8550501156515034
JWN,13.8700,13.8700,12.8800,12.9700,4.44 M,02/26/09,-0.25,-1.8910741301059
JWN,13.5700,14.1000,12.8800,13.2200,7.87 M,02/25/09,-0.46999999999999886,-3.433162892622344
JWN,12.5500,13.7500,12.4100,13.6900,15.59 M,02/24/09,2.3599999999999994,20.829655781112088
JWN,12.0200,12.2800,11.1900,11.3300,5.88 M,02/23/09,-0.5600000000000005,-4.709840201850298
JWN,11.6100,12.1300,11.2400,11.8900,6.70 M,02/20/09,0.0600000000000005,0.5071851225697421
JWN,12.3000,12.6100,11.7500,11.8300,7.08 M,02/19/09,-0.20999999999999908,-1.7441860465116203
JWN,12.7500,12.8100,11.9300,12.0400,6.01 M,02/18/09,-0.5,-3.9872408293460926
JWN,13.0000,13.1100,12.4800,12.5400,7.15 M,02/17/09,-0.6400000000000006,-4.855842185128988
JWN,13.6100,13.9800,13.1800,13.1800,3.77 M,02/13/09,-0.5899999999999999,-4.284676833696441
JWN,13.1700,13.8400,12.7900,13.7700,5.32 M,02/12/09,0.4399999999999995,3.3008252063015715
JWN,13.3100,13.7100,13.1000,13.3300,3.56 M,02/11/09,0.11999999999999922,0.9084027252081697
JWN,13.7300,14.4300,13.1500,13.2100,5.42 M,02/10/09,-0.6399999999999988,-4.620938628158836
JWN,13.9900,14.2200,13.7000,13.8500,2.52 M,02/09/09,-0.33999999999999986,-2.3960535588442555
JWN,12.9900,14.3700,12.9800,14.1900,5.85 M,02/06/09,1.1399999999999988,8.735632183908036
JWN,12.4100,13.5900,12.2100,13.0500,8.03 M,02/05/09,0.5800000000000001,4.651162790697675
JWN,12.9700,13.1900,12.4100,12.4700,5.61 M,02/04/09,-0.7099999999999991,-5.386949924127459
JWN,12.4700,13.4000,12.2700,13.1800,5.15 M,02/03/09,0.6500000000000004,5.187549880287313
JWN,12.1900,13.0900,11.8800,12.5300,11.10 M,02/02/09,-0.16000000000000014,-1.260835303388496
JWN,13.5000,13.5500,12.5800,12.6900,6.03 M,01/30/09,-0.8200000000000003,-6.069578090303481
JWN,13.9800,14.2900,13.3200,13.5100,3.73 M,01/29/09,-0.6699999999999999,-4.724964739069112
JWN,13.6600,14.5000,13.6600,14.1800,3.61 M,01/28/09,0.7999999999999989,5.979073243647226
JWN,13.4400,13.8800,13.1400,13.3800,4.92 M,01/27/09,0.030000000000001137,0.22471910112360402
JWN,13.4500,14.0600,13.0300,13.3500,3.84 M,01/26/09,0.049999999999998934,0.37593984962405214
JWN,12.7000,13.5500,12.1700,13.3000,3.95 M,01/23/09,0.2400000000000002,1.8376722817764182
JWN,12.7800,13.6100,12.6200,13.0600,5.13 M,01/22/09,0.030000000000001137,0.230237912509602
JWN,12.3000,13.0750,12.0700,13.0300,6.07 M,01/21/09,1.0199999999999996,8.492922564529556
JWN,13.0100,13.1300,11.9300,12.0100,7.02 M,01/20/09,-0.9800000000000004,-7.544264819091612
JWN,12.8300,13.1000,12.5000,12.9900,6.30 M,01/16/09,0.3100000000000005,2.444794952681392
JWN,12.0500,13.2300,11.6400,12.6800,7.90 M,01/15/09,0.6400000000000006,5.315614617940205
JWN,12.5500,12.9100,11.8175,12.0400,7.14 M,01/14/09,-1.0700000000000003,-8.161708619374526
JWN,13.3600,13.9900,12.8400,13.1100,6.35 M,01/13/09,-0.2599999999999998,-1.9446522064323097
JWN,13.8900,14.0800,13.1700,13.3700,4.33 M,01/12/09,-0.5900000000000016,-4.226361031518636
JWN,14.5400,14.5500,13.8300,13.9600,5.06 M,01/09/09,-0.5699999999999985,-3.922918100481752
JWN,14.1700,14.7400,13.2300,14.5300,9.41 M,01/08/09,-0.3500000000000014,-2.352150537634418
JWN,15.5000,15.7600,14.6700,14.8800,5.26 M,01/07/09,-1.0299999999999994,-6.473915776241354
JWN,15.3700,16.1000,14.9900,15.9100,8.04 M,01/06/09,0.7100000000000009,4.671052631578953
JWN,14.4000,15.6100,14.3300,15.2000,7.55 M,01/05/09,0.6499999999999986,4.467353951890025
JWN,13.3400,14.7000,13.3200,14.5500,5.81 M,01/02/09,1.2400000000000002,9.316303531179566
JWN,12.2800,13.5100,12.2800,13.3100,6.22 M,12/31/08,1.0200000000000014,8.299430431244927
JWN,11.5600,12.3100,11.4200,12.2900,4.35 M,12/30/08,0.7899999999999991,6.869565217391297
JWN,11.8100,11.9300,11.2600,11.5000,2.08 M,12/29/08,-0.41000000000000014,-3.4424853064651564
JWN,11.9400,12.2900,11.7500,11.9100,1.34 M,12/26/08,-0.15000000000000036,-1.2437810945273662
JWN,11.6000,12.1800,11.5000,12.0600,1.71 M,12/24/08,0.4900000000000002,4.2350907519446865
JWN,12.0600,12.3000,11.5300,11.5700,3.84 M,12/23/08,-0.40000000000000036,-3.341687552213871
JWN,12.9300,13.0700,11.8700,11.9700,7.16 M,12/22/08,-0.7299999999999986,-5.748031496062981
JWN,13.5400,13.6200,10.7200,12.7000,22.45 M,12/19/08,-0.7200000000000006,-5.365126676602091
JWN,14.1700,14.2800,13.1700,13.4200,5.41 M,12/18/08,-0.5600000000000005,-4.005722460658086
JWN,12.9600,14.0600,12.7000,13.9800,5.88 M,12/17/08,0.8499999999999996,6.4737242955064715
JWN,12.2800,13.2100,12.1800,13.1300,5.59 M,12/16/08,1.0,8.244023083264633
JWN,12.6800,12.7900,11.8700,12.1300,3.18 M,12/15/08,-0.5299999999999994,-4.186413902053707
JWN,12.1500,12.9600,12.0000,12.6600,4.71 M,12/12/08,0.040000000000000924,0.3169572107765525
JWN,12.9000,13.1900,12.4200,12.6200,5.05 M,12/11/08,-0.370000000000001,-2.848344880677452
JWN,12.6500,13.9500,12.5700,12.9900,6.52 M,12/10/08,0.4900000000000002,3.9200000000000017
JWN,13.1600,14.2795,12.3600,12.5000,6.60 M,12/09/08,-0.7899999999999991,-5.944319036869821
JWN,13.6400,13.7900,12.9000,13.2900,7.60 M,12/08/08,0.48999999999999844,3.8281249999999876
JWN,11.8500,12.8400,11.2600,12.8000,7.89 M,12/05/08,0.7900000000000009,6.577851790174861
JWN,11.4400,13.0400,11.0100,12.0100,14.49 M,12/04/08,1.1099999999999994,10.183486238532105
JWN,10.4400,11.3400,10.4400,10.9000,7.46 M,12/03/08,-0.129999999999999,-1.1786038077969085
JWN,10.7900,11.0500,10.1100,11.0300,6.67 M,12/02/08,0.16999999999999993,1.5653775322283603
JWN,10.9500,11.2500,10.4625,10.8600,9.22 M,12/01/08,-0.5099999999999998,-4.485488126649075
JWN,11.6100,11.7599,10.9000,11.3700,2.91 M,11/28/08,-0.28000000000000114,-2.4034334763948593
JWN,9.7600,11.7100,9.7600,11.6500,9.42 M,11/26/08,1.67,16.733466933867735
JWN,10.1100,10.3210,9.3100,9.9800,13.53 M,11/25/08,0.22000000000000064,2.2540983606557443
JWN,7.8100,10.1800,7.6800,9.7600,11.88 M,11/24/08,1.9500000000000002,24.967989756722154
JWN,8.6800,8.8400,6.6100,7.8100,14.51 M,11/21/08,-0.5900000000000007,-7.023809523809532
JWN,8.8800,9.5800,8.2400,8.4000,12.84 M,11/20/08,-0.5800000000000001,-6.45879732739421
JWN,10.3200,10.7300,8.6900,8.9800,10.71 M,11/19/08,-1.4000000000000004,-13.487475915221582
JWN,10.8200,11.2400,9.6400,10.3800,10.94 M,11/18/08,-0.4399999999999995,-4.0665434380776295
JWN,11.5900,11.9500,10.8100,10.8200,5.00 M,11/17/08,-0.9199999999999999,-7.836456558773424
JWN,12.0000,13.2000,11.7400,11.7400,11.15 M,11/14/08,-1.2200000000000006,-9.413580246913584
JWN,12.6150,13.0000,11.0950,12.9600,11.02 M,11/13/08,0.34000000000000163,2.694136291600647
JWN,12.8200,13.5000,12.5700,12.6200,5.02 M,11/12/08,-0.6800000000000015,-5.112781954887229
JWN,13.8500,13.9300,12.8400,13.3000,6.74 M,11/11/08,-0.7399999999999984,-5.27065527065526
JWN,15.6800,15.9200,13.8300,14.0400,4.77 M,11/10/08,-1.4600000000000009,-9.419354838709683
JWN,15.2800,15.6900,14.5100,15.5000,4.99 M,11/07/08,0.2699999999999996,1.7728168089297411
JWN,15.9300,17.0000,15.0200,15.2300,6.15 M,11/06/08,-0.7800000000000011,-4.87195502810744
JWN,16.1500,17.3100,15.9100,16.0100,5.83 M,11/05/08,-0.9100000000000001,-5.378250591016549
JWN,17.0100,17.9900,16.4300,16.9200,3.84 M,11/04/08,0.5400000000000027,3.2967032967033134
JWN,17.9900,18.1700,15.9400,16.3800,5.10 M,11/03/08,-1.6600000000000001,-9.201773835920179
JWN,15.9800,18.2400,15.9100,18.0400,6.45 M,10/31/08,2.049999999999999,12.820512820512814
JWN,15.6000,16.6100,15.5400,15.9900,4.48 M,10/30/08,0.5,3.2278889606197545
JWN,15.3000,16.9000,14.6500,15.4900,8.22 M,10/29/08,0.23000000000000043,1.5072083879423357
JWN,15.0800,15.3700,13.6600,15.2600,11.74 M,10/28/08,0.6400000000000006,4.3775649794801685
JWN,15.0800,16.1300,14.6200,14.6200,6.12 M,10/27/08,-0.6900000000000013,-4.506858262573489
JWN,15.1800,16.9000,15.0000,15.3100,7.50 M,10/24/08,-1.5699999999999985,-9.30094786729857
JWN,17.8600,17.8600,15.7500,16.8800,8.15 M,10/23/08,-0.9200000000000017,-5.168539325842706
JWN,17.5300,18.3700,17.0600,17.8000,8.04 M,10/22/08,-0.21999999999999886,-1.2208657047724687
JWN,17.4000,18.3500,17.2900,18.0200,5.05 M,10/21/08,0.370000000000001,2.0963172804532637
JWN,17.0400,17.7200,16.7900,17.6500,4.37 M,10/20/08,0.9899999999999984,5.942376950780303
JWN,16.1300,17.3300,16.1300,16.6600,6.68 M,10/17/08,0.019999999999999574,0.12019230769230513
JWN,16.6200,17.2400,15.5000,16.6400,9.38 M,10/16/08,0.10000000000000142,0.6045949214026688
JWN,18.4400,18.4800,16.0700,16.5400,6.34 M,10/15/08,-2.34,-12.39406779661017
JWN,20.8700,20.8700,18.0700,18.8800,5.02 M,10/14/08,-0.16000000000000014,-0.8403361344537823
JWN,19.5500,20.0000,17.9500,19.0400,7.11 M,10/13/08,0.6600000000000001,3.590859630032645
JWN,17.9400,19.2500,16.5800,18.3800,14.58 M,10/10/08,-0.5899999999999999,-3.1101739588824455
JWN,21.3500,21.5900,18.5900,18.9700,9.94 M,10/09/08,-2.6000000000000014,-12.053778395920265
JWN,20.1800,22.7800,20.0100,21.5700,10.80 M,10/08/08,-0.3200000000000003,-1.4618547281863878
JWN,24.0000,24.8500,21.8600,21.8900,8.47 M,10/07/08,-2.25,-9.32062966031483
JWN,22.7200,24.4000,22.1300,24.1400,9.77 M,10/06/08,0.5199999999999996,2.201524132091446
JWN,25.9000,25.9400,23.5000,23.6200,10.99 M,10/03/08,-1.7699999999999996,-6.971248523040565
JWN,27.1000,27.2700,25.1900,25.3900,8.02 M,10/02/08,-1.9800000000000004,-7.2341980270369035
JWN,28.3500,28.6900,27.0700,27.3700,5.20 M,10/01/08,-1.4499999999999993,-5.031228313671059
JWN,28.3900,29.1100,27.6700,28.8200,4.31 M,09/30/08,1.0899999999999999,3.9307609087630717
JWN,28.6100,29.1600,27.0600,27.7300,7.42 M,09/29/08,-1.4600000000000009,-5.001712915381983
JWN,28.9200,29.5900,28.7000,29.1900,6.27 M,09/26/08,-0.3200000000000003,-1.084378176889191
JWN,30.1300,30.5900,29.3800,29.5100,6.06 M,09/25/08,-0.29999999999999716,-1.0063737001006279
JWN,32.0500,32.0500,29.5800,29.8100,9.19 M,09/24/08,-1.8200000000000003,-5.754030983243757
JWN,32.2600,33.2700,31.4000,31.6300,5.06 M,09/23/08,-0.8300000000000018,-2.5569932224276086
JWN,33.8000,33.8000,31.6600,32.4600,6.24 M,09/22/08,-1.4699999999999989,-4.332449160035363
JWN,35.6000,37.0000,33.6000,33.9300,11.23 M,09/19/08,0.39000000000000057,1.1627906976744202
JWN,31.8400,33.9500,30.7400,33.5400,9.46 M,09/18/08,2.34,7.5
JWN,32.5300,32.8300,30.9900,31.2000,6.18 M,09/17/08,-1.9800000000000004,-5.967450271247741
JWN,31.2400,33.7100,30.6300,33.1800,6.15 M,09/16/08,0.8299999999999983,2.565687789799067
JWN,32.9600,34.2700,32.1300,32.3500,7.09 M,09/15/08,-1.7199999999999989,-5.048429703551508
JWN,34.9200,34.9200,33.4600,34.0700,5.82 M,09/12/08,-1.4600000000000009,-4.109203490008446
JWN,34.2200,35.6700,34.0400,35.5300,6.06 M,09/11/08,0.5600000000000023,1.6013726050900838
JWN,34.3600,35.4100,34.0000,34.9700,5.08 M,09/10/08,0.7199999999999989,2.1021897810218944
JWN,34.4100,35.9900,33.9800,34.2500,8.19 M,09/09/08,-0.28999999999999915,-0.83960625361899
JWN,33.6700,35.0300,33.0500,34.5400,6.77 M,09/08/08,1.9799999999999969,6.081081081081071
JWN,31.4500,32.7500,31.0700,32.5600,3.91 M,09/05/08,0.5700000000000038,1.7818068146295838
JWN,32.6700,32.7500,31.4600,31.9900,5.88 M,09/04/08,-1.3399999999999999,-4.02040204020402
JWN,31.4100,33.6100,31.4100,33.3300,6.12 M,09/03/08,1.7299999999999969,5.474683544303788
JWN,31.7800,33.3000,31.4000,31.6000,4.81 M,09/02/08,0.5,1.607717041800643
JWN,30.3800,31.3300,30.0100,31.1000,3.49 M,08/29/08,0.4299999999999997,1.4020215194000643
JWN,29.9300,30.6900,29.6000,30.6700,3.03 M,08/28/08,1.1400000000000006,3.8604808669150033
JWN,29.4000,29.7200,28.7500,29.5300,1.99 M,08/27/08,0.120000000000001,0.40802448146889153
JWN,28.6800,29.5000,28.5000,29.4100,2.01 M,08/26/08,0.3200000000000003,1.1000343760742533
JWN,29.7300,29.8200,28.9000,29.0900,2.15 M,08/25/08,-0.8200000000000003,-2.7415580073554007
JWN,29.6200,29.9700,29.0600,29.9100,2.64 M,08/22/08,0.8500000000000014,2.9249827942188626
JWN,28.6900,29.2800,28.1500,29.0600,3.52 M,08/21/08,0.11999999999999744,0.4146510020732462
JWN,29.3800,29.6800,28.7000,28.9400,4.33 M,08/20/08,-0.6099999999999994,-2.0642978003384074
JWN,30.6400,30.8200,29.2200,29.5500,5.22 M,08/19/08,-1.3999999999999986,-4.523424878836829
JWN,31.6200,31.7200,30.6900,30.9500,4.27 M,08/18/08,-0.5899999999999999,-1.870640456563094
JWN,30.1000,32.0500,30.0400,31.5400,8.32 M,08/15/08,1.3200000000000003,4.367968232958307
JWN,29.5100,31.2600,29.5100,30.2200,5.25 M,08/14/08,0.5299999999999976,1.785112832603562
JWN,30.7400,30.7400,29.2500,29.6900,5.45 M,08/13/08,-1.25,-4.040077569489334
JWN,31.5800,32.4300,30.8400,30.9400,5.74 M,08/12/08,-0.9199999999999982,-2.8876333961079665
JWN,29.3500,33.4023,29.3500,31.8600,8.68 M,08/11/08,2.2699999999999996,7.671510645488339
JWN,28.0300,29.8900,27.7700,29.5900,4.74 M,08/08/08,1.6099999999999994,5.754110078627589
JWN,28.3300,29.0900,27.9700,27.9800,4.36 M,08/07/08,-0.9800000000000004,-3.3839779005524875
JWN,29.0600,29.1100,28.3300,28.9600,5.90 M,08/06/08,-0.3200000000000003,-1.092896174863389
JWN,28.4800,29.4300,28.4800,29.2800,6.86 M,08/05/08,1.0899999999999999,3.866619368570414
JWN,28.9300,29.3000,27.9600,28.1900,4.19 M,08/04/08,-0.7300000000000004,-2.5242047026279404
JWN,28.9100,29.1000,28.0000,28.9200,3.72 M,08/01/08,0.18000000000000327,0.6263048016701576
JWN,28.4400,29.9950,28.4400,28.7400,4.89 M,07/31/08,-0.45000000000000284,-1.5416238437821268
JWN,29.2000,30.1400,28.5200,29.1900,4.21 M,07/30/08,0.15000000000000213,0.5165289256198421
JWN,28.0400,29.3700,28.0300,29.0400,4.42 M,07/29/08,0.8999999999999986,3.1982942430703574
JWN,29.1500,29.1800,28.0800,28.1400,3.42 M,07/28/08,-0.8000000000000007,-2.7643400138217022
JWN,28.9600,30.1500,28.8300,28.9400,4.20 M,07/25/08,-0.1999999999999993,-0.6863417982155089
JWN,30.6500,30.8700,28.9500,29.1400,4.60 M,07/24/08,-1.4699999999999989,-4.802352172492646
JWN,28.7300,31.4000,28.5500,30.6100,8.44 M,07/23/08,1.370000000000001,4.685362517099867
JWN,28.4500,29.2600,27.2200,29.2400,7.56 M,07/22/08,0.48999999999999844,1.7043478260869511
JWN,29.9200,30.3700,28.6900,28.7500,3.74 M,07/21/08,-1.2800000000000011,-4.262404262404266
JWN,30.7600,30.7600,29.1300,30.0300,5.20 M,07/18/08,0.14000000000000057,0.4683840749414539
JWN,28.6800,30.0100,27.8100,29.8900,5.08 M,07/17/08,1.3100000000000023,4.5836249125262505
JWN,26.7100,28.9100,26.4900,28.5800,4.81 M,07/16/08,1.8599999999999994,6.961077844311375
JWN,27.1200,27.4700,25.6700,26.7200,8.33 M,07/15/08,-0.6300000000000026,-2.3034734917733184
JWN,27.8200,28.0400,26.8200,27.3500,6.32 M,07/14/08,-0.029999999999997584,-0.10956902848793859
JWN,27.9800,28.3100,27.0100,27.3800,11.74 M,07/11/08,-1.1400000000000006,-3.997194950911643
JWN,29.7500,30.1500,27.6900,28.5200,12.18 M,07/10/08,-2.719999999999999,-8.706786171574901
JWN,32.4900,32.4900,31.0600,31.2400,4.17 M,07/09/08,-1.3000000000000007,-3.9950829748002477
JWN,31.6400,32.7100,31.1900,32.5400,5.41 M,07/08/08,1.1999999999999993,3.8289725590299915
JWN,30.8800,31.8900,30.8700,31.3400,5.00 M,07/07/08,0.620000000000001,2.01822916666667
JWN,30.6500,31.6750,30.2100,30.7200,3.76 M,07/03/08,0.2699999999999996,0.8866995073891611
JWN,30.7700,31.4700,30.4500,30.4500,4.82 M,07/02/08,-0.2699999999999996,-0.8789062499999987
JWN,30.0100,30.9250,29.5000,30.7200,5.92 M,07/01/08,0.41999999999999815,1.38613861386138
JWN,31.0500,31.8600,30.2800,30.3000,5.35 M,06/30/08,-0.7699999999999996,-2.4782748632121003
JWN,31.4200,31.7900,30.6600,31.0700,5.65 M,06/27/08,-0.5700000000000003,-1.8015170670037934
JWN,32.8500,32.8500,31.6200,31.6400,5.81 M,06/26/08,-1.5300000000000011,-4.612601748567986
JWN,32.6500,35.0800,32.6500,33.1700,5.98 M,06/25/08,0.3299999999999983,1.004872107186353
JWN,32.9000,33.3000,32.0000,32.8400,3.57 M,06/24/08,-0.29999999999999716,-0.9052504526252177
JWN,33.9900,34.2500,32.7800,33.1400,3.00 M,06/23/08,-0.6400000000000006,-1.894612196566017
JWN,34.5500,34.7899,33.5600,33.7800,4.47 M,06/20/08,-1.1599999999999966,-3.3199771036061723
JWN,33.9800,35.1300,33.7700,34.9400,4.18 M,06/19/08,0.9899999999999949,2.9160530191457874
JWN,34.5400,34.8200,33.6700,33.9500,4.49 M,06/18/08,-1.029999999999994,-2.9445397369925503
JWN,35.0700,35.7000,34.6600,34.9800,4.03 M,06/17/08,0.1599999999999966,0.4595060310166473
JWN,34.5200,34.9300,33.8500,34.8200,3.12 M,06/16/08,0.09000000000000341,0.25914195220271646
JWN,33.3200,34.7800,33.3200,34.7300,3.57 M,06/13/08,1.4799999999999969,4.451127819548863
JWN,32.2000,34.4000,32.0600,33.2500,4.33 M,06/12/08,0.3500000000000014,1.063829787234047
JWN,33.7200,33.8900,32.8200,32.9000,3.52 M,06/11/08,-0.9100000000000037,-2.6915113871635716
JWN,33.2500,34.3500,32.9100,33.8100,3.91 M,06/10/08,0.25,0.7449344457687723
JWN,34.0100,34.3900,33.0500,33.5600,3.91 M,06/09/08,-0.4299999999999997,-1.2650779641070895
JWN,35.3700,35.3700,33.9100,33.9900,5.28 M,06/06/08,-1.7299999999999969,-4.843225083986553
JWN,35.4900,36.1800,34.8000,35.7200,7.04 M,06/05/08,0.4299999999999997,1.2184754888070266
JWN,35.0000,35.8500,34.6100,35.2900,5.89 M,06/04/08,0.5300000000000011,1.5247410817031104
JWN,34.8700,35.2000,34.1000,34.7600,4.97 M,06/03/08,0.04999999999999716,0.14405070584845048
JWN,34.9400,35.2900,33.7900,34.7100,5.55 M,06/02/08,-0.269999999999996,-0.7718696397941568
JWN,35.7600,35.9500,34.7600,34.9800,7.67 M,05/30/08,-0.730000000000004,-2.0442453094371436
JWN,34.2100,35.9400,34.1100,35.7100,6.22 M,05/29/08,1.4399999999999977,4.201925882696229
JWN,33.5700,34.8300,33.5700,34.2700,5.73 M,05/28/08,0.8500000000000014,2.543387193297431
JWN,33.2500,34.0700,33.0000,33.4200,5.79 M,05/27/08,0.25,0.753693096171239
JWN,34.5400,34.5400,32.9100,33.1700,7.50 M,05/23/08,-1.4699999999999989,-4.243648960739026
JWN,35.4200,35.4900,34.6100,34.6400,7.09 M,05/22/08,-0.6700000000000017,-1.8974794675729303
JWN,36.9900,37.1500,34.8400,35.3100,6.19 M,05/21/08,-1.6099999999999994,-4.360780065005415
JWN,37.1000,37.4000,36.3800,36.9200,3.80 M,05/20/08,-0.6400000000000006,-1.7039403620873284
JWN,38.5300,38.6500,37.3600,37.5600,4.70 M,05/19/08,-0.8799999999999955,-2.289281997918823
JWN,37.6200,38.5100,37.0700,38.4400,10.66 M,05/16/08,1.1499999999999986,3.0839367122552925
JWN,36.4600,37.3500,35.6500,37.2900,5.45 M,05/15/08,1.1499999999999986,3.1820697288323148
JWN,35.6500,36.9400,35.4900,36.1400,4.12 M,05/14/08,0.6499999999999986,1.8315018315018274
JWN,35.8500,36.2900,35.0000,35.4900,3.80 M,05/13/08,-0.21000000000000085,-0.5882352941176494
JWN,34.5300,35.8700,34.3800,35.7000,4.23 M,05/12/08,1.3100000000000023,3.809246874091312
JWN,34.4900,34.9300,34.0400,34.3900,3.73 M,05/09/08,-0.28000000000000114,-0.8076146524372689
JWN,35.0100,35.8200,34.1900,34.6700,6.94 M,05/08/08,-0.8200000000000003,-2.3105100028176957
JWN,36.2000,36.7600,35.2700,35.4900,4.27 M,05/07/08,-0.5799999999999983,-1.607984474632654
JWN,35.2300,36.1800,34.7800,36.0700,4.34 M,05/06/08,0.8200000000000003,2.3262411347517737
JWN,36.6800,36.7100,35.0800,35.2500,5.25 M,05/05/08,-1.2100000000000009,-3.3187054306088886
JWN,36.9900,37.2100,35.9400,36.4600,7.67 M,05/02/08,0.9200000000000017,2.5886325267304495
JWN,35.6100,36.5400,34.9300,35.5400,5.39 M,05/01/08,0.28000000000000114,0.7941009642654598
JWN,37.9500,37.9500,34.9600,35.2600,8.72 M,04/30/08,-2.8000000000000043,-7.356805044666328
JWN,36.9800,38.1200,36.8500,38.0600,5.25 M,04/29/08,1.0600000000000023,2.864864864864871
JWN,36.4900,37.5000,35.9600,37.0000,2.98 M,04/28/08,0.39000000000000057,1.0652827096421758
JWN,35.6700,36.7500,35.6400,36.6100,3.71 M,04/25/08,1.0399999999999991,2.9238122012932224
JWN,34.2700,35.9800,34.2600,35.5700,4.01 M,04/24/08,1.2899999999999991,3.7631271878646415
JWN,34.4000,34.8000,33.9300,34.2800,4.31 M,04/23/08,-0.37999999999999545,-1.0963646855164324
JWN,36.0000,36.0000,34.1300,34.6600,4.35 M,04/22/08,-1.490000000000002,-4.121715076071928
JWN,36.0000,36.3300,35.5000,36.1500,2.13 M,04/21/08,-0.03999999999999915,-0.11052777010223584
JWN,35.2600,36.2500,35.2500,36.1900,3.90 M,04/18/08,1.769999999999996,5.142359093550249
JWN,33.7700,34.5400,33.4700,34.4200,3.55 M,04/17/08,0.3400000000000034,0.9976525821596345
JWN,34.6500,34.7500,33.7500,34.0800,3.76 M,04/16/08,-0.3400000000000034,-0.987797791981416
JWN,34.1000,34.4900,33.7100,34.4200,2.07 M,04/15/08,0.4299999999999997,1.2650779641070895
JWN,33.8000,34.3900,33.5300,33.9900,3.19 M,04/14/08,0.14999999999999858,0.4432624113475135
JWN,33.5000,34.3800,33.3400,33.8400,4.10 M,04/11/08,-0.5499999999999972,-1.5993021227100819
JWN,32.3900,34.8300,32.3900,34.3900,6.59 M,04/10/08,1.1000000000000014,3.304295584259542
JWN,34.1400,34.4800,32.4800,33.2900,5.94 M,04/09/08,-0.7199999999999989,-2.117024404586883
JWN,33.6200,34.2500,33.5100,34.0100,3.65 M,04/08/08,0.21000000000000085,0.6213017751479316
JWN,33.8900,34.1700,33.1200,33.8000,4.25 M,04/07/08,-0.1600000000000037,-0.4711425206124961
JWN,33.9300,34.4200,33.2000,33.9600,4.53 M,04/04/08,-0.3500000000000014,-1.0201107548819628
JWN,34.6500,34.6500,33.9300,34.3100,3.11 M,04/03/08,-0.35999999999999943,-1.0383616959907684
JWN,34.2000,35.5400,34.0000,34.6700,4.72 M,04/02/08,0.46999999999999886,1.3742690058479499
JWN,33.0600,34.6900,33.0600,34.2000,4.86 M,04/01/08,1.6000000000000014,4.907975460122704
JWN,33.0000,33.0000,32.2100,32.6000,7.15 M,03/31/08,-0.01999999999999602,-0.06131207847944826
JWN,32.9400,33.6900,32.5100,32.6200,4.70 M,03/28/08,-1.970000000000006,-5.695287655391748
JWN,34.5800,35.7200,34.0200,34.5900,6.07 M,03/27/08,0.1600000000000037,0.46471100784200897
JWN,36.7300,36.8500,34.3200,34.4300,6.41 M,03/26/08,-2.5700000000000003,-6.945945945945946
JWN,37.4000,37.6200,36.1600,37.0000,3.26 M,03/25/08,-0.5399999999999991,-1.4384656366542332
JWN,35.5200,38.2600,35.3100,37.5400,5.56 M,03/24/08,2.3200000000000003,6.587166382737082
JWN,33.5400,35.6400,33.5100,35.2200,6.01 M,03/20/08,1.7100000000000009,5.102954341987469
JWN,33.2800,34.5700,33.2100,33.5100,5.19 M,03/19/08,-0.09000000000000341,-0.267857142857153
JWN,32.9700,34.0000,32.7900,33.6000,4.81 M,03/18/08,1.1900000000000048,3.6717062634989355
JWN,31.5600,32.6200,30.7200,32.4100,5.84 M,03/17/08,-0.6100000000000065,-1.8473652331920245
JWN,33.8000,34.1600,32.2100,33.0200,4.45 M,03/14/08,-0.46999999999999886,-1.403404001194383
JWN,32.6100,33.6100,31.8000,33.4900,5.88 M,03/13/08,-0.17999999999999972,-0.5346005346005337
JWN,34.0700,35.0700,33.5600,33.6700,4.81 M,03/12/08,-0.39000000000000057,-1.145038167938933
JWN,33.6300,34.2700,32.4800,34.0600,6.90 M,03/11/08,1.25,3.8098140810728434
JWN,33.5700,34.2200,32.5700,32.8100,6.72 M,03/10/08,0.060000000000002274,0.18320610687023595
JWN,34.1100,34.7400,32.3200,32.7500,10.04 M,03/07/08,-2.25,-6.428571428571429
JWN,36.2200,36.7400,34.1900,35.0000,9.21 M,03/06/08,-2.3400000000000034,-6.266738082485279
JWN,37.9100,39.5200,37.1400,37.3400,5.56 M,03/05/08,-0.6899999999999977,-1.8143570865106435
JWN,36.1700,38.2400,36.1700,38.0300,4.20 M,03/04/08,0.8000000000000043,2.148804727370412
JWN,36.9000,37.4300,36.0200,37.2300,5.34 M,03/03/08,0.19999999999999574,0.540102619497693
JWN,37.7000,38.6400,36.7500,37.0300,5.53 M,02/29/08,-0.990000000000002,-2.6038926880589215
JWN,38.0300,38.6900,37.6500,38.0200,4.95 M,02/28/08,-0.5499999999999972,-1.4259787399533241
JWN,38.0000,39.2300,37.8400,38.5700,5.32 M,02/27/08,0.10999999999999943,0.28601144045761684
JWN,37.0100,39.1000,37.0100,38.4600,7.04 M,02/26/08,1.480000000000004,4.002163331530568
JWN,35.3600,37.4600,35.3600,36.9800,8.11 M,02/25/08,0.9799999999999969,2.7222222222222134
JWN,35.2500,36.2700,34.5700,36.0000,3.61 M,02/22/08,0.759999999999998,2.156640181611799
JWN,37.3100,37.3100,34.4100,35.2400,4.02 M,02/21/08,-0.7199999999999989,-2.0022246941045574
JWN,34.5100,36.3500,34.3000,35.9600,3.87 M,02/20/08,1.1199999999999974,3.214695752009177
JWN,36.6100,36.6400,34.5900,34.8400,4.94 M,02/19/08,-1.4299999999999997,-3.942652329749103
JWN,36.0000,36.3300,35.2700,36.2700,4.08 M,02/15/08,0.09000000000000341,0.24875621890548208
JWN,37.5000,37.5000,36.0300,36.1800,5.51 M,02/14/08,-1.8100000000000023,-4.764411687286134
JWN,38.1000,38.6000,37.7600,37.9900,4.16 M,02/13/08,0.10000000000000142,0.2639218791237831
JWN,38.1400,38.9200,37.4800,37.8900,4.93 M,02/12/08,-0.0899999999999963,-0.23696682464454005
JWN,36.9600,38.2400,36.8000,37.9800,3.85 M,02/11/08,0.8799999999999955,2.3719676549865105
JWN,37.5100,38.0700,36.8700,37.1000,4.45 M,02/08/08,-0.5700000000000003,-1.5131404300504387
JWN,35.3300,38.2800,35.3300,37.6700,8.56 M,02/07/08,1.3400000000000034,3.6884117808973396
JWN,37.2600,38.1800,35.8300,36.3300,7.94 M,02/06/08,-0.7199999999999989,-1.9433198380566772
JWN,38.8700,38.8900,36.7800,37.0500,8.29 M,02/05/08,-2.450000000000003,-6.2025316455696275
JWN,39.9900,40.5900,38.9200,39.5000,6.56 M,02/04/08,-0.240000000000002,-0.6039255158530498
JWN,38.5600,39.8300,38.1100,39.7400,4.51 M,02/01/08,0.8900000000000006,2.290862290862292
JWN,36.9000,39.9500,36.3900,38.8500,8.08 M,01/31/08,2.0,5.4274084124830395
JWN,37.9400,38.5600,36.5700,36.8500,8.84 M,01/30/08,-1.3200000000000003,-3.4582132564841506
JWN,37.1300,38.2700,36.6300,38.1700,5.38 M,01/29/08,1.2100000000000009,3.273809523809526
JWN,34.7600,37.0300,34.6800,36.9600,4.56 M,01/28/08,1.9600000000000009,5.600000000000002
JWN,35.3900,36.2300,34.6200,35.0000,6.68 M,01/25/08,-0.39000000000000057,-1.102006216445325
JWN,36.3200,37.1700,34.6500,35.3900,7.33 M,01/24/08,-0.8599999999999994,-2.372413793103447
JWN,31.5600,36.3700,30.2500,36.2500,12.78 M,01/23/08,3.6700000000000017,11.264579496623702
JWN,28.0000,33.1100,28.0000,32.5800,9.01 M,01/22/08,2.7099999999999973,9.072648141948433
JWN,29.9700,31.0200,29.4100,29.8700,7.81 M,01/18/08,0.8300000000000018,2.858126721763092
JWN,30.1900,30.2200,28.5600,29.0400,7.67 M,01/17/08,-1.0,-3.3288948069241013
JWN,29.7500,30.6800,29.7500,30.0400,7.21 M,01/16/08,-0.13000000000000256,-0.4308916141862862
JWN,31.4100,31.4100,29.7100,30.1700,6.57 M,01/15/08,-1.5899999999999999,-5.006297229219143
JWN,31.6600,32.0100,31.0900,31.7600,4.87 M,01/14/08,0.2900000000000027,0.9215125516364878
JWN,32.6300,32.6800,31.0100,31.4700,6.09 M,01/11/08,-1.6300000000000026,-4.924471299093663
JWN,32.0000,33.6900,31.1000,33.1000,5.11 M,01/10/08,0.7899999999999991,2.4450634478489603
JWN,31.5800,32.3800,30.7400,32.3100,5.34 M,01/09/08,0.730000000000004,2.3115896136795566
JWN,33.3000,33.3000,31.4600,31.5800,5.98 M,01/08/08,-1.490000000000002,-4.5055941941336615
JWN,31.7500,33.2600,31.5800,33.0700,6.60 M,01/07/08,1.5700000000000003,4.984126984126985
JWN,32.8200,33.0900,30.7300,31.5000,12.37 M,01/04/08,-2.1199999999999974,-6.305770374776912
JWN,35.4700,35.6700,33.5400,33.6200,4.37 M,01/03/08,-1.8000000000000043,-5.08187464709205
JWN,36.7500,37.0000,35.3900,35.4200,3.41 M,01/02/08,-1.3099999999999952,-3.566566839096094
JWN,37.0000,37.3500,36.3400,36.7300,2.07 M,12/31/07,-0.20000000000000284,-0.5415651232060732
JWN,36.0600,37.0900,35.8400,36.9300,2.45 M,12/28/07,0.8800000000000026,2.441054091539536
JWN,36.2600,36.4000,35.6900,36.0500,2.40 M,12/27/07,-0.490000000000002,-1.340996168582381
JWN,37.6900,37.6900,36.0100,36.5400,3.11 M,12/26/07,-1.1099999999999994,-2.9482071713147397
JWN,36.3500,37.9500,36.2600,37.6500,2.00 M,12/24/07,1.3699999999999974,3.7761852260198383
JWN,35.3900,36.4100,35.2000,36.2800,4.70 M,12/21/07,1.2199999999999989,3.4797490017113484
JWN,35.6200,35.7000,34.4900,35.0600,3.16 M,12/20/07,-0.22999999999999687,-0.651742703315378
JWN,35.2700,35.6100,34.8600,35.2900,3.65 M,12/19/07,0.03999999999999915,0.11347517730496212
JWN,35.6500,35.6700,34.7000,35.2500,3.90 M,12/18/07,0.13000000000000256,0.37015945330296857
JWN,34.1300,36.0100,34.0000,35.1200,6.57 M,12/17/07,0.5,1.4442518775274409
JWN,35.9400,36.1100,34.6000,34.6200,5.56 M,12/14/07,-1.7100000000000009,-4.706853839801819
JWN,37.2400,37.4800,35.9400,36.3300,4.98 M,12/13/07,-1.1400000000000006,-3.0424339471577277
JWN,38.1100,39.4800,36.6200,37.4700,5.67 M,12/12/07,0.28000000000000114,0.7528905619790297
JWN,38.4900,39.2400,36.9600,37.1900,4.90 M,12/11/07,-1.3500000000000014,-3.502854177477949
JWN,38.8800,38.8800,37.7900,38.5400,2.97 M,12/10/07,0.01999999999999602,0.051921079958452805
JWN,38.7500,38.8300,37.8500,38.5200,4.46 M,12/07/07,0.060000000000002274,0.1560062402496159
JWN,37.2400,38.6400,36.5000,38.4600,8.33 M,12/06/07,1.7899999999999991,4.881374420507224
JWN,37.1800,37.6400,36.0500,36.6700,7.48 M,12/05/07,0.21999999999999886,0.6035665294924523
JWN,33.9200,36.7200,33.6500,36.4500,8.97 M,12/04/07,2.3900000000000006,7.017028772753965
JWN,33.9600,35.0450,33.7300,34.0600,6.38 M,12/03/07,0.5200000000000031,1.5503875968992342
JWN,34.2500,34.8000,33.2700,33.5400,8.22 M,11/30/07,-0.17999999999999972,-0.5338078291814938
JWN,35.1400,35.1400,33.3100,33.7200,6.65 M,11/29/07,-1.4600000000000009,-4.150085275724846
JWN,34.5300,35.5400,33.6100,35.1800,8.05 M,11/28/07,0.8399999999999963,2.4461269656377294
JWN,34.8000,35.8500,34.0500,34.3400,6.54 M,11/27/07,-0.5499999999999972,-1.576382917741465
JWN,36.2000,36.4800,34.8900,34.8900,7.55 M,11/26/07,-0.8299999999999983,-2.3236282194848776
JWN,35.1400,35.9700,34.9200,35.7200,2.27 M,11/23/07,0.769999999999996,2.203147353361934
JWN,34.0000,35.5900,33.2100,34.9500,7.74 M,11/21/07,0.740000000000002,2.1631102016954165
JWN,33.2000,35.2500,33.2000,34.2100,18.14 M,11/20/07,3.6900000000000013,12.090432503276544
JWN,32.0200,32.1800,30.4600,30.5200,6.59 M,11/19/07,-1.9899999999999984,-6.1211934789295555
JWN,33.6600,33.8000,31.9700,32.5100,6.70 M,11/16/07,-0.990000000000002,-2.955223880597021
JWN,33.3700,34.5700,33.0400,33.5000,6.44 M,11/15/07,-1.009999999999998,-2.926687916545923
JWN,35.6000,35.9900,34.1600,34.5100,8.68 M,11/14/07,0.00999999999999801,0.028985507246371046
JWN,33.8200,36.2200,33.8200,34.5000,6.24 M,11/13/07,1.4821999999999989,4.4890937615467985
JWN,32.3900,34.7500,32.0200,33.0178,7.38 M,11/12/07,0.6377999999999986,1.9697344039530529
JWN,32.0000,33.2600,31.8200,32.3800,5.62 M,11/09/07,-0.37999999999999545,-1.159951159951146
JWN,34.3700,34.9000,31.8600,32.7600,9.55 M,11/08/07,-0.9100000000000037,-2.7027027027027137
JWN,33.0000,34.2000,32.7400,33.6700,7.34 M,11/07/07,0.2700000000000031,0.8083832335329435
JWN,33.7300,34.8600,32.9400,33.4000,8.94 M,11/06/07,-1.0500000000000043,-3.0478955007257014
JWN,36.1300,36.2200,33.7100,34.4500,8.29 M,11/05/07,-2.049999999999997,-5.616438356164376
JWN,37.9500,38.1200,36.1200,36.5000,6.56 M,11/02/07,-1.25,-3.3112582781456954
JWN,38.9300,39.1300,37.7300,37.7500,4.18 M,11/01/07,-1.6899999999999977,-4.284989858012165
JWN,40.0900,40.0900,38.6000,39.4400,5.21 M,10/31/07,-0.23000000000000398,-0.5797832114948424
JWN,39.8900,39.9700,39.0800,39.6700,4.75 M,10/30/07,0.6000000000000014,1.535705144612238
JWN,38.8800,39.7000,38.8200,39.0700,4.33 M,10/29/07,0.21999999999999886,0.5662805662805633
JWN,38.5900,38.9300,37.8000,38.8500,4.40 M,10/26/07,0.5700000000000003,1.489028213166145
JWN,38.0000,38.9400,37.6600,38.2800,4.67 M,10/25/07,0.21999999999999886,0.5780346820809218
JWN,38.2000,38.9000,37.5000,38.0600,6.19 M,10/24/07,-0.46999999999999886,-1.2198287049052656
JWN,39.4000,39.4900,37.8000,38.5300,5.47 M,10/23/07,-0.6099999999999994,-1.5585079202861507
JWN,38.2900,39.7000,38.1400,39.1400,5.42 M,10/22/07,0.5499999999999972,1.425239699403983
JWN,39.7600,40.4300,38.5100,38.5900,4.78 M,10/19/07,-1.3899999999999935,-3.4767383691845763
JWN,40.2000,41.0300,39.6100,39.9800,7.44 M,10/18/07,-0.8100000000000023,-1.985780828634475
JWN,41.4600,41.8300,40.1600,40.7900,6.31 M,10/17/07,-0.3400000000000034,-0.8266472161439421
JWN,41.5300,41.7500,40.5500,41.1300,7.68 M,10/16/07,-1.009999999999998,-2.3967726625533885
JWN,43.8000,43.9800,41.7500,42.1400,6.98 M,10/15/07,-1.6599999999999966,-3.7899543378995357
JWN,44.9000,44.9700,43.0000,43.8000,7.93 M,10/12/07,-1.1700000000000017,-2.601734489659777
JWN,45.9300,47.6000,44.2100,44.9700,15.41 M,10/11/07,-3.6400000000000006,-7.488171158197903
JWN,48.6200,49.1200,48.3000,48.6100,3.57 M,10/10/07,-0.3500000000000014,-0.7148692810457545
JWN,49.2600,49.2600,48.3600,48.9600,3.10 M,10/09/07,-0.28999999999999915,-0.588832487309643
JWN,49.6600,49.9400,49.1300,49.2500,2.27 M,10/08/07,-0.759999999999998,-1.5196960607878385
JWN,49.3500,50.5100,49.1000,50.0100,2.87 M,10/05/07,1.1599999999999966,2.374616171954957
JWN,49.5100,49.7500,48.5700,48.8500,2.31 M,10/04/07,-0.6199999999999974,-1.253284819082267
JWN,48.5600,50.2500,48.4400,49.4700,4.10 M,10/03/07,0.6899999999999977,1.4145141451414467
JWN,47.1500,48.9000,47.1400,48.7800,2.69 M,10/02/07,1.5,3.1725888324873095
JWN,46.8000,47.6600,46.3200,47.2800,3.76 M,10/01/07,0.39000000000000057,0.831733845169547
JWN,47.3100,48.0700,46.7700,46.8900,3.58 M,09/28/07,-0.38000000000000256,-0.8038925322614819
JWN,48.3100,48.3200,47.0800,47.2700,3.06 M,09/27/07,-0.9299999999999997,-1.9294605809128624
JWN,48.7000,49.1800,48.1300,48.2000,2.97 M,09/26/07,-0.23999999999999488,-0.49545829892649645
JWN,49.4900,49.4900,47.9400,48.4400,3.52 M,09/25/07,-2.270000000000003,-4.476434628278452
JWN,50.8000,51.0200,50.0100,50.7100,2.19 M,09/24/07,-0.030000000000001137,-0.059124950729209966
JWN,50.6100,50.9300,49.8100,50.7400,4.90 M,09/21/07,-0.00999999999999801,-0.019704433497533026
JWN,51.6500,51.8000,50.1800,50.7500,2.58 M,09/20/07,-1.1499999999999986,-2.215799614643543
JWN,51.4600,52.5200,51.3400,51.9000,3.91 M,09/19/07,0.5599999999999952,1.0907674328009254
JWN,49.1300,51.7200,48.7300,51.3400,3.60 M,09/18/07,2.530000000000001,5.183364064740834
JWN,49.1500,49.1600,48.2200,48.8100,2.69 M,09/17/07,-0.6099999999999994,-1.234318089842168
JWN,48.0700,49.6900,47.8100,49.4200,2.64 M,09/14/07,0.9500000000000028,1.9599752424179964
JWN,47.3400,48.9400,47.1500,48.4700,3.26 M,09/13/07,1.5300000000000011,3.2594801874733728
JWN,46.9000,47.2200,46.6100,46.9400,2.71 M,09/12/07,-0.4000000000000057,-0.8449514152936326
JWN,46.7000,47.7000,46.4000,47.3400,2.99 M,09/11/07,0.8300000000000054,1.7845624596861007
JWN,47.2000,47.3900,45.8800,46.5100,2.44 M,09/10/07,-0.46999999999999886,-1.0004257130693888
JWN,47.0900,47.5300,46.5000,46.9800,4.51 M,09/07/07,-1.0700000000000003,-2.226847034339231
JWN,47.9900,48.8900,47.3000,48.0500,4.60 M,09/06/07,0.8599999999999994,1.8224200042381848
JWN,46.8500,47.7200,45.9500,47.1900,6.12 M,09/05/07,0.21000000000000085,0.4469987228607937
JWN,47.7500,47.9500,46.8400,46.9800,4.57 M,09/04/07,-1.1200000000000045,-2.328482328482338
JWN,47.8600,49.2000,46.6000,48.1000,4.01 M,08/31/07,0.5600000000000023,1.1779554059739215
JWN,47.5100,47.7700,47.0300,47.5400,2.69 M,08/30/07,-0.6199999999999974,-1.2873754152823869
JWN,47.2000,48.2100,46.7300,48.1600,2.68 M,08/29/07,1.259999999999998,2.6865671641791002
JWN,47.8500,48.0000,46.8300,46.9000,3.94 M,08/28/07,-1.1300000000000026,-2.352696231521971
JWN,48.7900,49.4000,47.9200,48.0300,2.89 M,08/27/07,-0.7999999999999972,-1.6383370878558206
JWN,47.4000,49.1300,46.9600,48.8300,2.93 M,08/24/07,1.7100000000000009,3.6290322580645182
JWN,47.8000,48.1000,46.7500,47.1200,2.77 M,08/23/07,-0.010000000000005116,-0.021217907914290506
JWN,46.0000,47.6400,46.0000,47.1300,3.64 M,08/22/07,1.6099999999999994,3.5369068541300512
JWN,44.9000,45.8500,44.4400,45.5200,2.86 M,08/21/07,-0.03999999999999915,-0.08779631255487082
JWN,47.1500,47.5000,44.5500,45.5600,4.64 M,08/20/07,-1.4499999999999957,-3.0844501169963747
JWN,46.3900,47.4000,45.1500,47.0100,5.78 M,08/17/07,0.8599999999999994,1.8634886240520032
JWN,45.6300,46.4900,44.0900,46.1500,4.88 M,08/16/07,0.0,0.0
JWN,46.4800,48.0000,45.7000,46.1500,4.80 M,08/15/07,-0.759999999999998,-1.6201236410147049
JWN,48.5600,48.6600,46.9000,46.9100,3.25 M,08/14/07,-1.7000000000000028,-3.497222793663861
JWN,49.6300,50.4800,48.0000,48.6100,3.42 M,08/13/07,-0.04999999999999716,-0.10275380189066412
JWN,49.9000,50.0300,47.6400,48.6600,5.52 M,08/10/07,-1.9200000000000017,-3.795966785290632
JWN,50.0000,53.4700,48.4400,50.5800,6.40 M,08/09/07,-0.5300000000000011,-1.0369790647622796
JWN,49.4400,51.6400,48.2900,51.1100,6.36 M,08/08/07,2.4200000000000017,4.970219757650446
JWN,48.0000,49.0000,46.7900,48.6900,5.78 M,08/07/07,0.9499999999999957,1.989945538332626
JWN,46.0600,47.7400,45.2000,47.7400,4.07 M,08/06/07,1.6700000000000017,3.6249186021272015
JWN,47.9500,48.2100,46.0700,46.0700,3.16 M,08/03/07,-2.1000000000000014,-4.3595598920489955
JWN,48.3900,48.5200,46.9600,48.1700,3.07 M,08/02/07,0.5399999999999991,1.1337392399748039
JWN,47.5600,47.7700,46.6300,47.6300,4.45 M,08/01/07,0.05000000000000426,0.10508617065995011
JWN,48.8500,50.0000,47.4500,47.5800,6.06 M,07/31/07,0.519999999999996,1.1049723756905991
JWN,46.2000,47.3700,45.5000,47.0600,6.39 M,07/30/07,3.1500000000000057,7.173764518332967
JWN,44.0400,45.5900,43.5000,43.9100,6.00 M,07/27/07,0.45999999999999375,1.0586881472957277
JWN,44.0000,44.5200,42.7000,43.4500,5.36 M,07/26/07,-1.1499999999999986,-2.5784753363228665
JWN,45.3500,45.5000,44.0400,44.6000,4.03 M,07/25/07,-0.5399999999999991,-1.1962782454585714
JWN,46.4300,46.8100,44.9800,45.1400,3.80 M,07/24/07,-1.769999999999996,-3.7731826902579324
JWN,48.2300,48.2300,46.6700,46.9100,3.36 M,07/23/07,-0.5400000000000063,-1.1380400421496444
JWN,49.4000,49.5100,47.4200,47.4500,2.40 M,07/20/07,-1.1699999999999946,-2.4064171122994544
JWN,47.9000,48.8400,47.6000,48.6200,2.44 M,07/19/07,1.009999999999998,2.1214030665826464
JWN,47.7900,48.5500,47.2300,47.6100,3.10 M,07/18/07,-0.259999999999998,-0.5431376645080385
JWN,48.2500,48.2500,47.5100,47.8700,3.12 M,07/17/07,-0.490000000000002,-1.013234077750211
JWN,49.3100,49.3900,48.2000,48.3600,2.17 M,07/16/07,-1.0499999999999972,-2.125075895567693
JWN,48.7000,49.5200,48.3000,49.4100,2.44 M,07/13/07,0.46999999999999886,0.9603596240294215
JWN,49.5800,49.9000,48.2200,48.9400,4.17 M,07/12/07,0.7199999999999989,1.493156366652839
JWN,47.3500,48.4300,47.1900,48.2200,4.08 M,07/11/07,0.6700000000000017,1.4090431125131477
JWN,48.4800,48.5300,47.1000,47.5500,6.13 M,07/10/07,-1.5400000000000063,-3.1370951313913347
JWN,49.5200,49.5600,48.8300,49.0900,2.80 M,07/09/07,-0.4899999999999949,-0.988301734570381
JWN,49.4600,49.6800,48.9200,49.5800,4.41 M,07/06/07,-0.020000000000003126,-0.04032258064516759
JWN,49.7000,49.9600,49.2000,49.6000,4.24 M,07/05/07,-0.14000000000000057,-0.2814636107760365
JWN,50.4500,50.5000,49.5100,49.7400,1.51 M,07/03/07,-0.759999999999998,-1.504950495049501
JWN,51.1500,51.2500,50.3600,50.5000,3.46 M,07/02/07,-0.6199999999999974,-1.212832550860715
JWN,50.4100,51.7000,50.3300,51.1200,3.33 M,06/29/07,0.759999999999998,1.5091342335186617
JWN,50.1700,51.1900,49.9200,50.3600,3.12 M,06/28/07,0.18999999999999773,0.37871237791508416
JWN,49.3500,50.2300,48.6000,50.1700,5.96 M,06/27/07,-0.030000000000001137,-0.05976095617530107
JWN,51.0000,51.0000,50.1400,50.2000,3.33 M,06/26/07,-0.4399999999999977,-0.8688783570300113
JWN,51.0500,51.2900,50.3000,50.6400,2.15 M,06/25/07,-0.36999999999999744,-0.7253479709860762
JWN,51.2000,51.5000,50.8000,51.0100,2.02 M,06/22/07,-0.21999999999999886,-0.4294358774155746
JWN,50.7400,51.4700,50.4000,51.2300,2.19 M,06/21/07,0.37999999999999545,0.7472959685348977
JWN,51.5700,51.9500,50.7500,50.8500,2.60 M,06/20/07,-0.6899999999999977,-1.3387660069848617
JWN,52.0500,52.1400,51.0400,51.5400,3.32 M,06/19/07,-0.5799999999999983,-1.1128165771296974
JWN,53.2100,53.4600,51.7808,52.1200,2.49 M,06/18/07,-0.8400000000000034,-1.586102719033239
JWN,53.5400,54.0000,52.8800,52.9600,2.67 M,06/15/07,0.0,0.0
JWN,52.3400,53.1200,52.3000,52.9600,2.37 M,06/14/07,0.6899999999999977,1.3200688731585952
JWN,51.7500,52.2900,51.5000,52.2700,2.08 M,06/13/07,0.8600000000000065,1.6728262983855409
JWN,52.5100,52.5200,51.2000,51.4100,2.59 M,06/12/07,-1.1100000000000065,-2.113480578827126
JWN,52.7700,52.7700,51.9200,52.5200,1.76 M,06/11/07,-0.3999999999999986,-0.7558578987150388
JWN,52.2900,52.9320,51.8900,52.9200,2.26 M,06/08/07,1.4500000000000028,2.8171750534291875
JWN,53.5000,53.7900,51.4000,51.4700,3.06 M,06/07/07,-1.5600000000000023,-2.941731095606265
JWN,52.9900,53.1500,52.3800,53.0300,3.27 M,06/06/07,0.03999999999999915,0.0754859407435349
JWN,53.3300,53.4400,52.7200,52.9900,3.10 M,06/05/07,-0.5499999999999972,-1.0272693313410481
JWN,52.8500,53.5500,52.7200,53.5400,2.09 M,06/04/07,0.10999999999999943,0.20587684821261357
JWN,52.2500,53.6400,52.1900,53.4300,4.39 M,06/01/07,1.5,2.8885037550548818
JWN,51.5900,52.0300,51.4000,51.9300,2.88 M,05/31/07,0.6599999999999966,1.2873025160912748
JWN,50.7900,51.3700,50.4000,51.2700,8.51 M,05/30/07,0.19000000000000483,0.3719655442443321
JWN,51.7500,52.0200,50.8800,51.0800,2.46 M,05/29/07,-0.7100000000000009,-1.3709210272253347
JWN,51.6000,52.2200,51.5800,51.7900,1.42 M,05/25/07,0.21999999999999886,0.4266046150862883
JWN,52.1300,52.8000,51.2800,51.5700,2.74 M,05/24/07,-0.1700000000000017,-0.328565906455357
JWN,52.1800,52.8400,51.6500,51.7400,2.37 M,05/23/07,-0.30999999999999517,-0.5955811719500388
JWN,52.7300,52.7900,51.9500,52.0500,3.41 M,05/22/07,-0.6500000000000057,-1.2333965844402384
JWN,53.0500,53.4500,52.3000,52.7000,3.17 M,05/21/07,-0.6499999999999986,-1.2183692596063702
JWN,54.3800,55.0000,52.7500,53.3500,4.85 M,05/18/07,0.17999999999999972,0.3385367688546167
JWN,52.6700,53.8600,52.6500,53.1700,3.71 M,05/17/07,0.6799999999999997,1.2954848542579533
JWN,53.4800,54.1600,52.3000,52.4900,3.62 M,05/16/07,-0.9799999999999969,-1.8328034411819654
JWN,54.0900,54.6700,53.4100,53.4700,2.27 M,05/15/07,-0.7199999999999989,-1.3286584240634782
JWN,54.1200,54.7500,54.0500,54.1900,2.11 M,05/14/07,0.21000000000000085,0.3890329751759927
JWN,54.4500,54.4800,53.1600,53.9800,3.05 M,05/11/07,-0.21000000000000085,-0.38752537368518336
JWN,55.0000,55.7600,54.1500,54.1900,3.30 M,05/10/07,-1.5700000000000003,-2.815638450502153
JWN,54.9500,56.0000,54.7500,55.7600,2.15 M,05/09/07,0.759999999999998,1.3818181818181783
JWN,55.1200,55.4900,54.7700,55.0000,1.44 M,05/08/07,-0.4200000000000017,-0.757849151930714
JWN,55.6500,55.8600,55.2200,55.4200,2.67 M,05/07/07,-0.17999999999999972,-0.3237410071942441
JWN,55.9900,55.9900,55.3900,55.6000,1.86 M,05/04/07,0.09000000000000341,0.16213294901820108
JWN,56.2100,56.3700,55.0500,55.5100,2.74 M,05/03/07,-0.480000000000004,-0.8572959457045972
JWN,55.7600,56.4700,55.2500,55.9900,2.14 M,05/02/07,0.8100000000000023,1.4679231605654264
JWN,54.5000,55.2500,53.7800,55.1800,2.30 M,05/01/07,0.259999999999998,0.4734158776402003
JWN,56.1700,56.2900,54.8800,54.9200,2.34 M,04/30/07,-1.2899999999999991,-2.2949653086639374
JWN,56.1500,56.4100,55.6900,56.2100,1.08 M,04/27/07,0.060000000000002274,0.10685663401603254
JWN,56.0300,56.6000,55.8000,56.1500,1.24 M,04/26/07,0.269999999999996,0.48317823908374374
JWN,56.6400,56.6400,55.7700,55.8800,1.55 M,04/25/07,-0.29999999999999716,-0.5339978640085389
JWN,56.6800,56.6800,55.1300,56.1800,1.67 M,04/24/07,-0.5,-0.8821453775582216
JWN,56.6000,56.9600,56.3900,56.6800,1.09 M,04/23/07,-0.03999999999999915,-0.07052186177714942
JWN,56.5000,56.7200,56.2100,56.7200,1.72 M,04/20/07,0.9099999999999966,1.6305321626948515
JWN,56.0000,56.0000,55.1520,55.8100,1.38 M,04/19/07,0.21000000000000085,0.37769784172662024
JWN,55.8300,56.0800,55.2000,55.6000,1.64 M,04/18/07,-0.22999999999999687,-0.41196489342646764
JWN,55.5000,56.1100,55.3000,55.8300,1.37 M,04/17/07,0.3500000000000014,0.630857966834898
JWN,55.1700,55.6400,54.8100,55.4800,1.47 M,04/16/07,0.5599999999999952,1.0196649672250457
JWN,55.5000,55.7500,54.4900,54.9200,1.59 M,04/13/07,-0.6899999999999977,-1.24078403164898
JWN,54.8500,56.0300,53.6900,55.6100,2.82 M,04/12/07,0.759999999999998,1.3855970829535058
JWN,55.0000,55.2700,54.2800,54.8500,1.85 M,04/11/07,-0.05999999999999517,-0.1092697140775727
JWN,54.9700,55.6000,54.4200,54.9100,1.73 M,04/10/07,0.3199999999999932,0.5861879465103373
JWN,54.6500,54.7500,53.5900,54.5900,1.27 M,04/09/07,0.46000000000000085,0.8498060225383351
JWN,54.0800,54.4000,53.7600,54.1300,1.08 M,04/05/07,0.05000000000000426,0.09245562130178303
JWN,54.3500,54.4200,53.7600,54.0800,1.20 M,04/04/07,-0.09000000000000341,-0.16614362193096438
JWN,54.0500,54.5900,53.9800,54.1700,1.74 M,04/03/07,0.4299999999999997,0.8001488649050981
JWN,53.3100,53.9500,53.1100,53.7400,2.82 M,04/02/07,0.8000000000000043,1.511144692104277
JWN,52.1600,53.6300,52.1600,52.9400,3.61 M,03/30/07,0.7800000000000011,1.4953987730061373
JWN,52.2300,52.3500,51.1500,52.1600,2.17 M,03/29/07,0.6999999999999957,1.3602798289933846
JWN,51.8300,52.0100,50.3800,51.4600,3.14 M,03/28/07,-0.7899999999999991,-1.5119617224880366
JWN,52.8500,52.8800,52.1100,52.2500,1.60 M,03/27/07,-0.6700000000000017,-1.2660619803476978
JWN,53.4500,53.4500,52.4800,52.9200,1.68 M,03/26/07,-0.5300000000000011,-0.9915809167446232
JWN,52.8500,53.6300,52.7800,53.4500,1.03 M,03/23/07,0.4299999999999997,0.8110147114296486
JWN,53.5500,53.5500,52.2000,53.0200,1.57 M,03/22/07,0.240000000000002,0.4547176960970102
JWN,51.9500,52.9100,51.3000,52.7800,1.89 M,03/21/07,0.8100000000000023,1.5585914950933275
JWN,51.6000,52.0900,51.2900,51.9700,1.80 M,03/20/07,0.6199999999999974,1.207400194741962
JWN,51.2000,51.8000,51.1400,51.3500,2.16 M,03/19/07,0.39000000000000057,0.7653061224489807
JWN,51.1600,51.3200,50.5700,50.9600,2.29 M,03/16/07,-0.19999999999999574,-0.39093041438623094
JWN,51.0500,51.6200,50.8900,51.1600,1.95 M,03/15/07,0.13999999999999346,0.27440219521754894
JWN,51.7500,52.0600,49.3500,51.0200,6.59 M,03/14/07,-1.1999999999999957,-2.297970126388349
JWN,52.3000,52.8000,51.6200,52.2200,3.51 M,03/13/07,-0.6499999999999986,-1.2294306790240186
JWN,51.7100,52.9600,51.4900,52.8700,3.49 M,03/12/07,1.2999999999999972,2.52084545278262
JWN,53.2500,53.2500,50.9300,51.5700,4.39 M,03/09/07,-1.1099999999999994,-2.1070615034168556
JWN,52.0000,53.8000,52.0000,52.6800,8.31 M,03/08/07,2.259999999999998,4.482348274494244
JWN,51.0000,51.2500,49.7600,50.4200,5.53 M,03/07/07,-0.6400000000000006,-1.2534273403838632
JWN,51.1000,51.5000,50.1400,51.0600,4.18 M,03/06/07,0.5700000000000003,1.1289364230540706
JWN,52.0000,52.0000,50.3800,50.4900,3.53 M,03/05/07,-1.9199999999999946,-3.663423010875777
JWN,53.6300,53.8100,52.3000,52.4100,3.06 M,03/02/07,-1.220000000000006,-2.274846168189457
JWN,52.5000,53.8900,51.4500,53.6300,3.79 M,03/01/07,0.6500000000000057,1.226878067195179
JWN,52.3600,53.4300,51.5700,52.9800,3.78 M,02/28/07,0.6799999999999997,1.3001912045889097
JWN,54.0500,54.0600,51.1200,52.3000,9.01 M,02/27/07,-4.300000000000004,-7.597173144876333
JWN,58.5500,58.6000,56.4400,56.6000,3.86 M,02/26/07,-1.6199999999999974,-2.7825489522500817
JWN,59.4100,59.4955,57.7000,58.2200,3.39 M,02/23/07,-1.4399999999999977,-2.413677505866574
JWN,59.2500,59.7000,58.2900,59.6600,2.16 M,02/22/07,0.4899999999999949,0.8281223593036925
JWN,59.1100,59.6500,58.5500,59.1700,2.60 M,02/21/07,0.05000000000000426,0.08457374830853225
JWN,58.2000,59.5700,58.1800,59.1200,2.26 M,02/20/07,0.6599999999999966,1.128977078344161
JWN,58.5300,58.6000,57.9300,58.4600,1.48 M,02/16/07,-0.259999999999998,-0.4427792915531301
JWN,58.5000,58.9600,58.0600,58.7200,1.49 M,02/15/07,0.10000000000000142,0.17059024223814642
JWN,57.8000,58.8800,57.7600,58.6200,2.38 M,02/14/07,0.9600000000000009,1.6649323621227903
JWN,56.9000,57.7000,56.7600,57.6600,1.44 M,02/13/07,0.9199999999999946,1.6214310891787003
JWN,57.5500,57.7000,56.6300,56.7400,2.01 M,02/12/07,-0.14000000000000057,-0.2461322081575256
JWN,57.2500,57.5000,56.4300,56.8800,1.80 M,02/09/07,-0.09999999999999432,-0.17550017550016553
JWN,56.8400,57.1000,56.3000,56.9800,1.94 M,02/08/07,0.13999999999999346,0.2463054187192003
JWN,56.7200,57.0300,56.0000,56.8400,1.30 M,02/07/07,0.14000000000000057,0.24691358024691457
JWN,56.7500,57.1000,56.3000,56.7000,2.28 M,02/06/07,0.20000000000000284,0.3539823008849608
JWN,56.8100,57.2500,56.4000,56.5000,1.79 M,02/05/07,-0.17999999999999972,-0.3175723359209593
JWN,56.9400,57.0500,56.3400,56.6800,1.25 M,02/02/07,-0.259999999999998,-0.4566210045662066
JWN,56.7000,57.1000,56.0300,56.9400,2.24 M,02/01/07,1.2299999999999969,2.207862143241782
JWN,54.5300,55.9900,54.3000,55.7100,1.98 M,01/31/07,1.1799999999999997,2.1639464514945894
JWN,54.8500,54.9500,53.6000,54.5300,2.61 M,01/30/07,0.09000000000000341,0.1653196179280004
JWN,53.7000,54.5100,53.2600,54.4400,1.87 M,01/29/07,0.7899999999999991,1.4725069897483676
JWN,53.8500,54.1600,53.2800,53.6500,1.82 M,01/26/07,0.10999999999999943,0.20545386626820963
JWN,54.9600,54.9900,53.4000,53.5400,1.39 M,01/25/07,-1.4200000000000017,-2.5836972343522593
JWN,54.2100,55.0000,53.9700,54.9600,1.49 M,01/24/07,1.0200000000000031,1.8909899888765354
JWN,54.2000,54.6700,53.6700,53.9400,1.97 M,01/23/07,-0.28000000000000114,-0.516414607156033
JWN,55.0000,55.0300,53.6500,54.2200,1.96 M,01/22/07,-0.8100000000000023,-1.471924404870075
JWN,55.5400,55.5400,54.5000,55.0300,2.58 M,01/19/07,-0.5,-0.9004141905276427
JWN,54.0900,55.8000,54.0900,55.5300,2.59 M,01/18/07,0.9299999999999997,1.7032967032967028
JWN,54.9600,55.2500,54.3500,54.6000,1.66 M,01/17/07,-0.35999999999999943,-0.6550218340611343
JWN,54.7800,55.0000,54.1500,54.9600,1.63 M,01/16/07,0.14999999999999858,0.2736726874657883
JWN,53.5500,55.0000,53.4700,54.8100,3.34 M,01/12/07,1.2800000000000011,2.391182514477865
JWN,52.5600,53.7500,52.4500,53.5300,2.66 M,01/11/07,1.1700000000000017,2.2345301757066496
JWN,52.1800,52.5300,51.8200,52.3600,1.97 M,01/10/07,0.25,0.47975436576472846
JWN,51.5400,52.2000,51.1500,52.1100,2.07 M,01/09/07,0.5600000000000023,1.086323957322992
JWN,51.2800,51.9900,51.0000,51.5500,2.27 M,01/08/07,0.269999999999996,0.5265210608424259
JWN,52.2600,52.2600,51.1500,51.2800,2.70 M,01/05/07,-0.9799999999999969,-1.8752391886720186
JWN,51.3900,52.6400,51.1880,52.2600,4.29 M,01/04/07,0.8699999999999974,1.6929363689433692
JWN,50.0000,51.3900,50.0000,51.3900,5.15 M,01/03/07,2.049999999999997,4.154843940008101
JWN,48.6700,49.5500,48.6300,49.3400,2.34 M,12/29/06,0.8200000000000003,1.6900247320692503
JWN,48.5300,49.0000,48.2000,48.5200,873000,12/28/06,-0.00999999999999801,-0.0206058108386524
JWN,48.4600,48.7300,47.9200,48.5300,1.42 M,12/27/06,0.2700000000000031,0.5594695399917181
JWN,49.6400,49.6400,47.8500,48.2600,1.79 M,12/26/06,-0.5900000000000034,-1.2077789150460663
JWN,48.3500,49.1600,48.2300,48.8500,2.33 M,12/22/06,0.6200000000000045,1.2855069458843138
JWN,49.2000,49.2400,48.1100,48.2300,2.74 M,12/21/06,-0.8200000000000003,-1.6717635066258927
JWN,49.6100,50.0600,48.9900,49.0500,2.12 M,12/20/06,-0.6000000000000014,-1.2084592145015134
JWN,49.2800,49.8100,48.6900,49.6500,1.99 M,12/19/06,-0.07000000000000028,-0.1407884151246989
JWN,50.5100,50.7000,49.5000,49.7200,2.12 M,12/18/06,-0.5799999999999983,-1.1530815109343904
JWN,51.2900,51.4000,50.0900,50.3000,2.49 M,12/15/06,-0.3200000000000003,-0.6321612011062827
JWN,49.7400,50.9700,49.7170,50.6200,1.93 M,12/14/06,0.779999999999994,1.565008025682171
JWN,49.8500,50.0000,49.4200,49.8400,1.91 M,12/13/06,0.720000000000006,1.465798045602618
JWN,49.3800,49.8700,48.5800,49.1200,2.28 M,12/12/06,-0.480000000000004,-0.967741935483879
JWN,48.5600,49.7800,48.0400,49.6000,2.80 M,12/11/06,0.990000000000002,2.0366179798395434
JWN,48.9100,49.2000,48.5300,48.6100,1.84 M,12/08/06,-0.5,-1.018122581958868
JWN,49.5500,49.9800,48.9800,49.1100,1.99 M,12/07/06,-0.5,-1.0078613182826044
JWN,49.1400,49.7100,49.1400,49.6100,2.15 M,12/06/06,0.29999999999999716,0.6083958629081264
JWN,48.3200,49.3100,48.0900,49.3100,3.14 M,12/05/06,0.9600000000000009,1.9855222337125147
JWN,48.1400,48.8500,48.0100,48.3500,2.86 M,12/04/06,0.5399999999999991,1.129470822003763
JWN,48.2500,49.3300,47.2600,47.8100,3.60 M,12/01/06,-1.2100000000000009,-2.468380252957978
JWN,49.5000,49.5000,48.4400,49.0200,7.40 M,11/30/06,-1.3899999999999935,-2.757389406863705
JWN,49.3800,50.6900,49.3800,50.4100,3.61 M,11/29/06,1.1099999999999994,2.251521298174441
JWN,49.3000,49.8700,48.8900,49.3000,3.79 M,11/28/06,-0.240000000000002,-0.4844570044408599
JWN,49.6900,50.2900,49.4800,49.5400,4.52 M,11/27/06,-0.46000000000000085,-0.9200000000000017
JWN,49.7500,50.2900,49.7344,50.0000,1.90 M,11/24/06,-0.5200000000000031,-1.0292953285827455
JWN,49.9200,50.7900,49.7600,50.5200,2.58 M,11/22/06,0.9000000000000057,1.8137847642079923
JWN,48.9400,50.3000,47.8000,49.6200,5.70 M,11/21/06,2.1299999999999955,4.485154769425132
JWN,48.0800,48.7300,47.3100,47.4900,3.15 M,11/20/06,-0.5899999999999963,-1.2271214642262818
JWN,47.9000,48.2400,47.4500,48.0800,2.73 M,11/17/06,0.1599999999999966,0.3338898163605939
JWN,48.2500,48.2700,47.3200,47.9200,1.95 M,11/16/06,-0.23999999999999488,-0.4983388704318831
JWN,48.0200,48.6000,47.9600,48.1600,2.11 M,11/15/06,0.3499999999999943,0.7320644216690949
JWN,47.2600,47.9400,46.7600,47.8100,2.42 M,11/14/06,1.4100000000000037,3.038793103448284
JWN,47.0000,48.5900,46.3600,46.4000,3.95 M,11/13/06,-0.3500000000000014,-0.7486631016042811
JWN,46.1500,46.8800,45.8500,46.7500,2.59 M,11/10/06,1.2100000000000009,2.6570048309178764
JWN,46.8900,46.9300,45.3700,45.5400,3.49 M,11/09/06,-1.3500000000000014,-2.8790786948176614
JWN,46.7500,47.3000,46.6100,46.8900,2.18 M,11/08/06,-0.259999999999998,-0.5514316012725302
JWN,46.5100,47.6000,46.2830,47.1500,1.34 M,11/07/06,0.46000000000000085,0.9852216748768492
JWN,46.1800,46.8900,46.0500,46.6900,1.55 M,11/06/06,0.6299999999999955,1.3677811550151877
JWN,46.9100,47.1700,45.7200,46.0600,1.81 M,11/03/06,-0.6999999999999957,-1.497005988023943
JWN,46.3000,47.9900,45.7000,46.7600,3.80 M,11/02/06,0.46000000000000085,0.9935205183585332
JWN,47.4000,47.5300,46.2500,46.3000,2.61 M,11/01/06,-1.0500000000000043,-2.2175290390707585
JWN,48.4500,48.7810,47.2100,47.3500,1.88 M,10/31/06,-1.0,-2.0682523267838677
JWN,46.8300,48.5800,46.4000,48.3500,2.26 M,10/30/06,1.5200000000000031,3.245782617979934
JWN,47.9700,48.2000,46.7700,46.8300,2.69 M,10/27/06,-1.5399999999999991,-3.1837916063675817
JWN,48.0100,48.4000,47.5700,48.3700,2.07 M,10/26/06,0.759999999999998,1.596303297626545
JWN,49.0000,49.5200,47.4600,47.6100,2.20 M,10/25/06,-1.259999999999998,-2.578268876611414
JWN,48.2900,49.0800,48.1500,48.8700,2.32 M,10/24/06,0.5799999999999983,1.2010768275005141
JWN,47.1600,48.4600,46.9300,48.2900,1.95 M,10/23/06,1.0899999999999963,2.309322033898297
JWN,47.6300,47.7200,46.7000,47.2000,1.95 M,10/20/06,-0.10999999999999943,-0.23250898330162634
JWN,47.6400,48.1600,47.0500,47.3100,1.32 M,10/19/06,-0.3299999999999983,-0.6926952141057898
JWN,47.4000,47.8600,47.2000,47.6400,1.90 M,10/18/06,0.6700000000000017,1.426442410048971
JWN,47.3700,47.3700,46.1400,46.9700,1.87 M,10/17/06,-0.3999999999999986,-0.8444162972345337
JWN,46.8300,47.6300,46.6200,47.3700,1.57 M,10/16/06,0.29999999999999716,0.6373486297004402
JWN,47.1000,47.4100,46.8500,47.0700,1.40 M,10/13/06,-0.22999999999999687,-0.48625792811838664
JWN,45.7400,47.3500,45.7201,47.3000,2.69 M,10/12/06,1.6099999999999994,3.5237469905887493
JWN,45.3600,46.1600,45.0400,45.6900,1.80 M,10/11/06,-0.05000000000000426,-0.10931351114998746
JWN,45.5500,46.0000,45.1900,45.7400,1.49 M,10/10/06,0.19000000000000483,0.4171240395170249
JWN,44.4400,45.7500,44.2900,45.5500,1.44 M,10/09/06,0.8599999999999994,1.9243678675318852
JWN,45.4400,45.4400,44.5500,44.6900,1.85 M,10/06/06,-0.75,-1.6505281690140845
JWN,45.1800,45.7500,44.1100,45.4400,2.93 M,10/05/06,0.25,0.5532197388802833
JWN,44.0000,45.2200,43.6800,45.1900,2.95 M,10/04/06,1.1599999999999966,2.6345673404496854
JWN,42.9900,44.0600,42.6300,44.0300,2.36 M,10/03/06,1.2100000000000009,2.825782344698741
JWN,42.2000,43.5500,42.1100,42.8200,2.27 M,10/02/06,0.5200000000000031,1.22931442080379
JWN,43.7800,43.8900,42.0600,42.3000,2.89 M,09/29/06,-1.4500000000000028,-3.3142857142857207
JWN,43.4500,43.9200,43.0000,43.7500,1.93 M,09/28/06,0.1700000000000017,0.39008719596145414
JWN,43.2000,43.7900,42.7300,43.5800,2.50 M,09/27/06,0.37999999999999545,0.879629629629619
JWN,42.9500,43.5200,42.6200,43.2000,2.86 M,09/26/06,-0.44999999999999574,-1.0309278350515367
JWN,42.6700,43.7600,42.5100,43.6500,2.47 M,09/25/06,1.0700000000000003,2.5129168623767035
JWN,42.3100,43.0900,42.0200,42.5800,2.87 M,09/22/06,0.030000000000001137,0.07050528789659492
JWN,43.4000,43.6400,42.3700,42.5500,2.90 M,09/21/06,-0.9400000000000048,-2.161416417567268
JWN,43.2200,43.9900,42.5700,43.4900,4.30 M,09/20/06,1.0700000000000003,2.522395096652523
JWN,41.9000,42.7700,41.7000,42.4200,2.37 M,09/19/06,0.5200000000000031,1.2410501193317498
JWN,41.8800,42.6900,41.3600,41.9000,2.47 M,09/18/06,0.29999999999999716,0.7211538461538393
JWN,42.4900,42.5000,41.4100,41.6000,4.11 M,09/15/06,-0.4299999999999997,-1.023078753271472
JWN,41.9400,42.3400,41.6500,42.0300,2.80 M,09/14/06,-0.3999999999999986,-0.9427292010369988
JWN,40.6600,42.7000,40.5400,42.4300,6.61 M,09/13/06,1.5499999999999972,3.791585127201558
JWN,39.8100,41.2000,39.7600,40.8800,3.41 M,09/12/06,1.1300000000000026,2.8427672955974908
JWN,39.5000,39.9900,39.1700,39.7500,2.27 M,09/11/06,0.240000000000002,0.6074411541381979
JWN,38.5000,39.6000,38.2000,39.5100,3.11 M,09/08/06,1.0399999999999991,2.703405250844812
JWN,37.7500,39.0900,37.7000,38.4700,2.78 M,09/07/06,0.5700000000000003,1.5039577836411617
JWN,37.2500,38.0700,37.1600,37.9000,1.93 M,09/06/06,0.25,0.6640106241699868
JWN,38.0800,38.3900,37.4500,37.6500,2.54 M,09/05/06,-0.28999999999999915,-0.7643647865050057
JWN,37.5000,38.1800,37.2400,37.9400,4.09 M,09/01/06,0.5899999999999963,1.5796519410977143
JWN,36.4500,37.4700,36.2500,37.3500,5.61 M,08/31/06,2.0700000000000003,5.867346938775511
JWN,35.2000,35.4800,34.7600,35.2800,1.98 M,08/30/06,0.38000000000000256,1.0888252148997208
JWN,34.5500,35.0100,33.9300,34.9000,2.30 M,08/29/06,0.25,0.7215007215007215
JWN,34.0500,34.9300,34.0300,34.6500,1.43 M,08/28/06,0.6000000000000014,1.7621145374449383
JWN,34.1900,34.2500,33.3100,34.0500,3.59 M,08/25/06,-0.14000000000000057,-0.40947645510383324
JWN,35.6800,35.6800,33.9500,34.1900,4.99 M,08/24/06,-1.5300000000000011,-4.283314669652859
JWN,36.1700,36.2500,35.5690,35.7200,1.43 M,08/23/06,-0.7000000000000028,-1.9220208676551422
JWN,35.9800,36.6700,35.7500,36.4200,2.06 M,08/22/06,0.44000000000000483,1.222901612006684
JWN,36.2400,36.4800,35.8500,35.9800,1.98 M,08/21/06,-0.7000000000000028,-1.9083969465648933
JWN,37.2500,37.2500,35.5000,36.6800,4.09 M,08/18/06,0.17999999999999972,0.49315068493150604
JWN,36.6900,37.3800,36.4500,36.5000,2.66 M,08/17/06,-0.00999999999999801,-0.027389756231164096
JWN,36.0000,36.9500,35.9000,36.5100,3.22 M,08/16/06,0.39000000000000057,1.0797342192691046
JWN,35.9000,36.2600,35.1400,36.1200,2.04 M,08/15/06,1.3099999999999952,3.763286411950575
JWN,35.1000,35.8400,34.7400,34.8100,1.88 M,08/14/06,0.5,1.457301078402798
JWN,34.0700,34.8500,34.0700,34.3100,1.70 M,08/11/06,0.4299999999999997,1.26918536009445
JWN,33.5100,34.1000,33.0600,33.8800,2.77 M,08/10/06,0.2700000000000031,0.8033323415650198
JWN,34.4400,34.7500,33.5901,33.6100,1.68 M,08/09/06,-0.45000000000000284,-1.3211978860833906
JWN,34.6000,34.9300,34.0500,34.0600,2.49 M,08/08/06,-0.3999999999999986,-1.1607661056297114
JWN,34.5000,35.0600,34.2500,34.4600,2.50 M,08/07/06,-0.4200000000000017,-1.2041284403669772
JWN,35.9800,36.2400,34.6900,34.8800,1.92 M,08/04/06,-0.7399999999999949,-2.0774845592363698
JWN,33.3600,35.9000,33.3000,35.6200,4.92 M,08/03/06,2.259999999999998,6.774580335731409
JWN,34.0200,34.1000,33.1100,33.3600,2.58 M,08/02/06,-0.6400000000000006,-1.8823529411764723
JWN,34.1000,34.1000,32.9700,34.0000,2.63 M,08/01/06,-0.29999999999999716,-0.8746355685131113
JWN,33.9000,35.0100,33.8400,34.3000,2.18 M,07/31/06,0.45999999999999375,1.3593380614657025
JWN,33.0700,33.9500,33.0700,33.8400,1.75 M,07/28/06,0.8000000000000043,2.4213075060532816
JWN,33.5700,33.9300,33.0000,33.0400,2.66 M,07/27/06,-0.18999999999999773,-0.5717724947336676
JWN,33.4700,33.6300,32.9900,33.2300,2.39 M,07/26/06,-0.47000000000000597,-1.3946587537092163
JWN,33.1700,33.9800,32.9100,33.7000,2.13 M,07/25/06,0.4299999999999997,1.2924556657649524
JWN,32.4600,33.5800,32.4500,33.2700,2.30 M,07/24/06,0.8200000000000003,2.526964560862867
JWN,32.6900,32.6900,31.8900,32.4500,2.00 M,07/21/06,-0.21999999999999886,-0.6734006734006699
JWN,33.9500,34.1700,32.5700,32.6700,1.58 M,07/20/06,-1.1299999999999955,-3.343195266272176
JWN,32.6900,34.1500,32.6900,33.8000,2.35 M,07/19/06,1.4399999999999977,4.449938195302836
JWN,32.7600,33.5000,31.7700,32.3600,3.34 M,07/18/06,-1.2000000000000028,-3.5756853396901156
JWN,33.2500,33.9400,33.2300,33.5600,1.65 M,07/17/06,0.12000000000000455,0.35885167464116197
JWN,34.1000,34.2300,33.0600,33.4400,2.38 M,07/14/06,-0.75,-2.193623866627669
JWN,35.5200,35.5800,33.9300,34.1900,3.85 M,07/13/06,-1.7800000000000011,-4.948568251320548
JWN,37.2500,37.3300,35.9000,35.9700,2.66 M,07/12/06,-1.3900000000000006,-3.7205567451820145
JWN,37.0000,37.4200,36.6800,37.3600,1.36 M,07/11/06,0.3200000000000003,0.8639308855291584
JWN,37.0000,37.5000,36.7700,37.0400,1.45 M,07/10/06,0.0899999999999963,0.2435723951285421
JWN,36.9500,37.6500,36.4500,36.9500,3.00 M,07/07/06,-0.1599999999999966,-0.43115063325248343
JWN,35.7000,37.4200,35.2500,37.1100,4.81 M,07/06/06,1.3500000000000014,3.7751677852349035
JWN,36.0000,36.1100,35.3500,35.7600,1.87 M,07/05/06,-0.7100000000000009,-1.9468055936386095
JWN,36.5000,36.7300,36.2700,36.4700,556400,07/03/06,-0.030000000000001137,-0.08219178082192093
JWN,36.1500,36.6500,36.0600,36.5000,1.81 M,06/30/06,0.39000000000000057,1.080033231791749
JWN,35.7700,36.2000,35.5800,36.1100,2.35 M,06/29/06,0.6400000000000006,1.8043416972089106
JWN,35.8700,36.1600,35.3300,35.4700,1.62 M,06/28/06,-0.37000000000000455,-1.032366071428584
JWN,35.4700,36.4400,35.4700,35.8400,1.45 M,06/27/06,-0.4399999999999977,-1.2127894156560026
JWN,36.7000,37.3000,36.2600,36.2800,2.14 M,06/26/06,-0.4799999999999969,-1.3057671381936804
JWN,36.7400,37.1800,36.3000,36.7600,2.00 M,06/23/06,-0.17999999999999972,-0.48727666486193755
JWN,36.8000,37.1800,36.6600,36.9400,1.80 M,06/22/06,0.030000000000001137,0.08127878623679528
JWN,36.0700,37.1000,35.7500,36.9100,1.89 M,06/21/06,0.7299999999999969,2.0176893311221584
JWN,35.6000,36.5000,35.5300,36.1800,2.02 M,06/20/06,0.7800000000000011,2.203389830508478
JWN,35.8600,36.1200,35.2200,35.4000,1.46 M,06/19/06,-0.45000000000000284,-1.2552301255230205
JWN,36.2300,36.7500,35.7300,35.8500,2.48 M,06/16/06,-0.740000000000002,-2.0224104946706802
JWN,34.8500,36.8000,34.8400,36.5900,2.68 M,06/15/06,1.7800000000000011,5.11347313990233
JWN,34.0700,34.8500,34.0700,34.8100,1.56 M,06/14/06,0.6200000000000045,1.813395729745553
JWN,34.7000,35.1300,34.1800,34.1900,2.93 M,06/13/06,-0.5100000000000051,-1.4697406340057784
JWN,36.3400,36.5600,34.7000,34.7000,3.00 M,06/12/06,-1.6400000000000006,-4.512933406714366
JWN,35.7600,36.5500,35.7500,36.3400,1.51 M,06/09/06,0.44000000000000483,1.2256267409470887
JWN,36.8500,36.8500,34.7500,35.9000,3.66 M,06/08/06,-1.0600000000000023,-2.867965367965374
JWN,36.8500,37.6000,36.7000,36.9600,2.43 M,06/07/06,0.6600000000000037,1.8181818181818286
JWN,36.6000,36.8500,35.7400,36.3000,2.73 M,06/06/06,0.21999999999999886,0.6097560975609725
JWN,36.7000,37.0000,35.9400,36.0800,1.53 M,06/05/06,-0.9600000000000009,-2.5917926565874754
JWN,37.1000,37.1500,36.1500,37.0400,1.86 M,06/02/06,-0.10999999999999943,-0.29609690444145204
JWN,37.0100,37.8500,36.9600,37.1500,3.33 M,06/01/06,0.3200000000000003,0.8688569101276141
JWN,35.6000,36.8800,35.5900,36.8300,4.11 M,05/31/06,1.3999999999999986,3.9514535704205436
JWN,35.7500,35.8500,35.1600,35.4300,1.84 M,05/30/06,-0.6600000000000037,-1.828761429758946
JWN,36.0000,36.2100,35.8400,36.0900,2.09 M,05/26/06,0.13000000000000256,0.3615127919911083
JWN,35.2500,36.0100,34.8500,35.9600,3.45 M,05/25/06,1.6300000000000026,4.748033789688327
JWN,34.6700,34.9000,33.4100,34.3300,3.36 M,05/24/06,-0.3400000000000034,-0.9806749351024038
JWN,34.6500,35.5500,34.6300,34.6700,2.96 M,05/23/06,0.0799999999999983,0.23128071697021765
JWN,34.4400,34.8900,33.8000,34.5900,3.56 M,05/22/06,-0.6899999999999977,-1.9557823129251635
JWN,36.6000,36.7000,35.0800,35.2800,4.82 M,05/19/06,-0.21999999999999886,-0.6197183098591518
JWN,35.5500,36.3600,34.6700,35.5000,3.90 M,05/18/06,0.17999999999999972,0.5096262740656844
JWN,35.7500,35.7500,34.8000,35.3200,3.02 M,05/17/06,-0.6000000000000014,-1.6703786191536787
JWN,36.8200,37.1200,35.5000,35.9200,2.91 M,05/16/06,-0.8500000000000014,-2.311667119934733
JWN,36.6300,37.2900,36.0300,36.7700,2.38 M,05/15/06,0.12000000000000455,0.32742155525239985
JWN,38.2700,38.2700,36.5900,36.6500,2.01 M,05/12/06,-1.6099999999999994,-4.2080501829587025
JWN,39.0200,39.1700,37.8300,38.2600,2.35 M,05/11/06,-0.990000000000002,-2.5222929936305785
JWN,39.0500,39.4000,39.0000,39.2500,1.32 M,05/10/06,-0.04999999999999716,-0.12722646310431848
JWN,39.2700,39.5000,39.0000,39.3000,1.58 M,05/09/06,-0.010000000000005116,-0.025438819638781775
JWN,38.5000,39.4400,38.4900,39.3100,1.93 M,05/08/06,0.6500000000000057,1.6813243662700614
JWN,38.0600,38.8500,38.0600,38.6600,2.61 M,05/05/06,0.7299999999999969,1.9245979435802711
JWN,38.8500,39.3200,37.5100,37.9300,3.09 M,05/04/06,-0.6899999999999977,-1.7866390471258358
JWN,38.1500,38.9700,38.1500,38.6200,2.31 M,05/03/06,0.6799999999999997,1.7923036373220869
JWN,38.6300,38.7500,37.5000,37.9400,1.78 M,05/02/06,-0.5500000000000043,-1.4289425824889692
JWN,38.4800,38.9500,38.3300,38.4900,1.56 M,05/01/06,0.1600000000000037,0.41742760240021837
JWN,38.3400,39.0000,38.2800,38.3300,1.04 M,04/28/06,-0.10999999999999943,-0.2861602497398529
JWN,37.9100,38.9000,37.7300,38.4400,1.29 M,04/27/06,0.5399999999999991,1.4248021108179398
JWN,37.7000,38.1297,37.5500,37.9000,1.39 M,04/26/06,0.0899999999999963,0.2380322665961288
JWN,38.2200,38.5100,37.6500,37.8100,1.73 M,04/25/06,-0.4299999999999997,-1.1244769874476979
JWN,38.5000,38.6400,37.8700,38.2400,1.76 M,04/24/06,-0.3999999999999986,-1.0351966873705967
JWN,39.6500,39.8500,38.4000,38.6400,1.39 M,04/21/06,-0.5399999999999991,-1.3782542113323102
JWN,39.0200,39.5000,39.0000,39.1800,1.68 M,04/20/06,0.030000000000001137,0.07662835249042436
JWN,39.1000,39.3400,38.6200,39.1500,1.69 M,04/19/06,-0.0799999999999983,-0.20392556716797935
JWN,38.7000,39.4000,38.7000,39.2300,1.68 M,04/18/06,0.529999999999994,1.369509043927633
JWN,39.4000,39.8200,38.3300,38.7000,1.38 M,04/17/06,-1.1099999999999994,-2.788244159758853
JWN,39.2600,40.1000,39.1200,39.8100,1.93 M,04/13/06,0.8000000000000043,2.0507562163547917
JWN,38.9000,39.2300,38.5100,39.0100,1.18 M,04/12/06,0.19999999999999574,0.515331100231888
JWN,39.1700,39.2300,38.4000,38.8100,1.40 M,04/11/06,-0.46000000000000085,-1.1713776419658792
JWN,39.7100,39.9000,39.1400,39.2700,1.22 M,04/10/06,-0.6599999999999966,-1.6528925619834625
JWN,42.1700,42.1700,39.8000,39.9300,1.31 M,04/07/06,-0.7800000000000011,-1.9159911569638937
JWN,40.1000,41.0300,39.8500,40.7100,2.68 M,04/06/06,1.8699999999999974,4.8146240988671405
JWN,38.6700,39.1000,38.4900,38.8400,1.29 M,04/05/06,0.09000000000000341,0.23225806451613784
JWN,38.6450,38.9300,37.7000,38.7500,2.07 M,04/04/06,0.5300000000000011,1.3867085295656754
JWN,39.4200,39.6100,38.1400,38.2200,2.43 M,04/03/06,-0.9600000000000009,-2.450229709035224
JWN,39.8300,40.0200,39.1700,39.1800,1.25 M,03/31/06,-0.4799999999999969,-1.2102874432677684
JWN,40.5450,40.5450,39.4400,39.6600,1.39 M,03/30/06,-0.10000000000000142,-0.2515090543259593
JWN,39.3500,39.8800,39.2300,39.7600,1.27 M,03/29/06,0.46000000000000085,1.1704834605597987
JWN,40.0500,40.1000,38.9400,39.3000,1.98 M,03/28/06,-0.9500000000000028,-2.360248447204976
JWN,40.5000,40.8200,40.1200,40.2500,801600,03/27/06,-0.14000000000000057,-0.3466204506065872
JWN,40.8600,40.8700,39.8800,40.3900,1.21 M,03/24/06,-0.3500000000000014,-0.8591065292096255
JWN,41.8600,41.8600,40.5300,40.7400,1.14 M,03/23/06,0.1600000000000037,0.39428289797930927
JWN,40.1400,40.7500,39.8500,40.5800,2.25 M,03/22/06,-0.060000000000002274,-0.14763779527559615
JWN,41.2000,41.3300,40.4400,40.6400,2.48 M,03/21/06,-0.5600000000000023,-1.3592233009708792
JWN,41.3700,41.5000,41.0600,41.2000,1.19 M,03/20/06,-0.01999999999999602,-0.048520135856370744
JWN,41.2500,41.4700,41.1400,41.2200,1.59 M,03/17/06,0.21000000000000085,0.5120702267739596
JWN,41.3000,41.5000,40.9600,41.0100,1.69 M,03/16/06,-0.10000000000000142,-0.24324981756264027
JWN,41.0000,41.2000,40.9000,41.1100,1.21 M,03/15/06,0.10999999999999943,0.2682926829268279
JWN,40.9500,41.1700,40.4400,41.0000,1.81 M,03/14/06,0.060000000000002274,0.14655593551539395
JWN,42.0250,42.0250,40.8100,40.9400,1.28 M,03/13/06,-0.28000000000000114,-0.6792819019893284
JWN,40.1400,41.4200,40.1400,41.2200,1.75 M,03/10/06,1.0899999999999963,2.7161724395713835
JWN,40.5600,40.9000,40.1000,40.1300,1.59 M,03/09/06,-0.3299999999999983,-0.8156203657933719
JWN,38.9900,40.7200,38.9900,40.4600,2.00 M,03/08/06,1.1000000000000014,2.7947154471544753
JWN,39.5300,39.8300,39.3200,39.3600,2.02 M,03/07/06,-0.46000000000000085,-1.1551983927674556
JWN,39.5600,39.9500,39.2400,39.8200,1.68 M,03/06/06,0.1600000000000037,0.4034291477559347
JWN,39.0000,40.0700,38.9400,39.6600,2.52 M,03/03/06,0.3299999999999983,0.8390541571319561
JWN,39.2700,39.9200,39.0200,39.3300,3.01 M,03/02/06,-0.09000000000000341,-0.22831050228311367
JWN,38.0000,39.6200,38.0000,39.4200,3.69 M,03/01/06,1.4200000000000017,3.7368421052631624
JWN,37.7000,38.5300,37.6700,38.0000,2.61 M,02/28/06,0.10000000000000142,0.2638522427440671
JWN,38.0700,38.6200,37.8200,37.9000,2.66 M,02/27/06,-0.3999999999999986,-1.0443864229764976
JWN,38.6500,38.6500,37.5100,38.3000,4.20 M,02/24/06,-1.8200000000000003,-4.536390827517448
JWN,41.6050,41.6050,40.0900,40.1200,1.41 M,02/23/06,-0.15000000000000568,-0.37248572138069447
JWN,40.0000,40.9500,39.9700,40.2700,1.70 M,02/22/06,0.3500000000000014,0.8767535070140315
JWN,40.9800,40.9800,39.6900,39.9200,1.59 M,02/21/06,-0.1599999999999966,-0.39920159680637873
JWN,40.7500,40.7500,39.9200,40.0800,1.38 M,02/17/06,-0.46999999999999886,-1.1590628853267544
JWN,40.7200,40.7500,40.2300,40.5500,1.25 M,02/16/06,0.09999999999999432,0.24721878862792165
JWN,40.0000,40.6400,39.7600,40.4500,1.82 M,02/15/06,0.30000000000000426,0.7471980074719907
JWN,40.2000,40.3499,39.8600,40.1500,2.19 M,02/14/06,-0.35999999999999943,-0.8886694643297938
JWN,40.7500,41.0000,40.1600,40.5100,1.02 M,02/13/06,-0.39000000000000057,-0.95354523227384
JWN,41.0600,41.1100,40.3700,40.9000,1.39 M,02/10/06,-0.14999999999999858,-0.36540803897685403
JWN,41.4300,41.6500,40.9700,41.0500,1.03 M,02/09/06,-0.480000000000004,-1.1557909944618443
JWN,41.4500,41.6500,41.2700,41.5300,1.23 M,02/08/06,0.3999999999999986,0.9725261366399187
JWN,41.2300,41.7400,41.0200,41.1300,1.49 M,02/07/06,-0.21999999999999886,-0.5320435308343382
JWN,41.8500,41.8600,40.6200,41.3500,2.51 M,02/06/06,-0.8500000000000014,-2.014218009478676
JWN,42.0700,42.4100,42.0000,42.2000,1.44 M,02/03/06,0.07000000000000028,0.16615238547353497
JWN,42.2100,42.2800,41.6320,42.1300,2.32 M,02/02/06,0.13000000000000256,0.30952380952381564
JWN,41.6200,42.1700,41.4600,42.0000,1.76 M,02/01/06,0.28000000000000114,0.6711409395973181
JWN,42.0800,42.2500,41.7000,41.7200,2.46 M,01/31/06,-0.7800000000000011,-1.8352941176470614
JWN,42.4400,42.9000,42.3000,42.5000,2.14 M,01/30/06,0.21999999999999886,0.5203405865657494
JWN,42.0000,42.7400,42.0000,42.2800,2.50 M,01/27/06,0.6099999999999994,1.4638828893688491
JWN,41.6000,41.7400,40.9100,41.6700,2.93 M,01/26/06,0.5200000000000031,1.2636695018226078
JWN,40.2000,41.2000,40.1100,41.1500,2.01 M,01/25/06,1.0499999999999972,2.6184538653366514
JWN,40.1600,40.7200,39.7700,40.1000,2.41 M,01/24/06,-0.04999999999999716,-0.12453300124532293
JWN,39.6000,40.2700,39.6000,40.1500,2.03 M,01/23/06,0.75,1.9035532994923858
JWN,40.5200,40.5600,39.1200,39.4000,1.77 M,01/20/06,-0.8000000000000043,-1.9900497512437916
JWN,40.0300,40.2800,39.6000,40.2000,1.04 M,01/19/06,0.5100000000000051,1.2849584278155837
JWN,39.5000,40.3900,39.0900,39.6900,1.46 M,01/18/06,0.18999999999999773,0.48101265822784234
JWN,39.9800,40.0100,38.9900,39.5000,1.60 M,01/17/06,-0.4799999999999969,-1.2006003001500674
JWN,40.1000,40.6000,39.9400,39.9800,1.29 M,01/13/06,-0.21000000000000085,-0.5225180393132641
JWN,40.9000,41.0500,39.9200,40.1900,1.92 M,01/12/06,-1.0500000000000043,-2.5460717749757618
JWN,40.9900,41.5800,40.9000,41.2400,2.28 M,01/11/06,0.740000000000002,1.8271604938271655
JWN,40.0000,40.7200,39.9100,40.5000,1.62 M,01/10/06,0.3999999999999986,0.9975062344139615
JWN,39.1000,40.1300,39.1000,40.1000,1.81 M,01/09/06,0.6000000000000014,1.5189873417721556
JWN,39.7900,39.9700,39.0000,39.5000,2.26 M,01/06/06,-0.1700000000000017,-0.4285354171918369
JWN,39.0100,40.3500,39.0100,39.6700,4.82 M,01/05/06,2.0,5.309264666843642
JWN,38.0300,38.0500,37.0000,37.6700,2.36 M,01/04/06,-0.04999999999999716,-0.13255567338281327
JWN,37.5800,37.8800,36.3000,37.7200,2.44 M,01/03/06,0.3200000000000003,0.8556149732620328
JWN,37.3500,37.6500,37.1000,37.4000,894300,12/30/05,-0.07000000000000028,-0.18681611956231728
JWN,37.6300,37.7300,37.2600,37.4700,872100,12/29/05,-0.1600000000000037,-0.42519266542653117
JWN,36.9500,37.8300,36.8901,37.6300,1.48 M,12/28/05,0.8200000000000003,2.2276555283890254
JWN,37.4200,37.7000,36.7200,36.8100,1.65 M,12/27/05,-0.6999999999999957,-1.8661690215942304
JWN,37.3900,37.7300,37.2900,37.5100,1.16 M,12/23/05,0.11999999999999744,0.3209414281893486
JWN,37.9000,37.9100,37.3000,37.3900,1.82 M,12/22/05,-0.3299999999999983,-0.8748674443266127
JWN,37.8000,37.8700,37.4400,37.7200,2.16 M,12/21/05,0.03999999999999915,0.10615711252653702
JWN,37.0300,37.7500,36.9300,37.6800,2.14 M,12/20/05,0.6499999999999986,1.7553335133675358
JWN,37.0500,37.4500,36.8300,37.0300,2.51 M,12/19/05,0.6499999999999986,1.7866959868059333
JWN,37.3000,37.3100,36.3500,36.3800,1.71 M,12/16/05,-0.5799999999999983,-1.5692640692640647
JWN,36.9100,37.1000,36.4700,36.9600,2.15 M,12/15/05,0.03999999999999915,0.10834236186348631
JWN,37.1100,37.2400,36.6800,36.9200,1.84 M,12/14/05,-0.19999999999999574,-0.5387931034482644
JWN,37.2100,37.5000,36.8700,37.1200,1.69 M,12/13/05,-0.0800000000000054,-0.2150537634408747
JWN,37.8500,38.0900,37.0000,37.2000,1.60 M,12/12/05,-0.3399999999999963,-0.9057005860415459
JWN,37.2800,37.8700,37.2000,37.5400,1.34 M,12/09/05,0.269999999999996,0.7244432519452535
JWN,36.6000,37.3600,36.4500,37.2700,2.40 M,12/08/05,0.6700000000000017,1.8306010928961796
JWN,36.3800,36.8900,36.3500,36.6000,1.37 M,12/07/05,0.37000000000000455,1.021253105161481
JWN,36.1000,36.7900,36.0700,36.2300,2.29 M,12/06/05,0.25,0.6948304613674264
JWN,36.4300,36.4400,35.2800,35.9800,2.15 M,12/05/05,-0.6500000000000057,-1.77450177450179
JWN,36.3000,37.0300,36.2500,36.6300,1.88 M,12/02/05,0.1600000000000037,0.4387167534960343
JWN,35.3000,36.8900,35.3000,36.4700,4.36 M,12/01/05,-0.4100000000000037,-1.1117136659436109
JWN,37.1000,37.4400,36.8000,36.8800,2.39 M,11/30/05,-0.3999999999999986,-1.072961373390554
JWN,37.7700,38.1000,37.2700,37.2800,1.58 M,11/29/05,-0.3200000000000003,-0.8510638297872347
JWN,38.1500,38.3500,37.4300,37.6000,2.78 M,11/28/05,-0.6499999999999986,-1.6993464052287544
JWN,38.1800,38.2500,37.4800,38.2500,656200,11/25/05,0.28999999999999915,0.7639620653319261
JWN,37.8600,38.4800,37.8500,37.9600,1.53 M,11/23/05,-0.07000000000000028,-0.18406521167499418
JWN,37.4100,38.1200,37.3100,38.0300,1.97 M,11/22/05,0.6200000000000045,1.6573108794440112
JWN,37.4100,37.4200,36.5600,37.4100,2.43 M,11/21/05,-0.10000000000000142,-0.2665955745134669
JWN,39.0000,39.0000,36.8000,37.5100,3.91 M,11/18/05,-0.9600000000000009,-2.4954510007798305
JWN,37.8000,38.6800,37.7000,38.4700,2.19 M,11/17/05,0.6400000000000006,1.6917790113666418
JWN,36.8500,38.1700,36.7900,37.8300,2.08 M,11/16/05,0.9600000000000009,2.603742880390564
JWN,38.2700,38.4500,36.7300,36.8700,2.93 M,11/15/05,-1.6900000000000048,-4.382780082987564
JWN,37.5500,38.5700,37.2800,38.5600,2.17 M,11/14/05,0.9299999999999997,2.4714323677916545
JWN,37.7000,37.8600,37.0710,37.6300,947500,11/11/05,-0.07000000000000028,-0.18567639257294505
JWN,36.5000,37.8100,35.9700,37.7000,1.55 M,11/10/05,1.2800000000000011,3.514552443712249
JWN,36.5400,36.7500,35.8000,36.4200,1.47 M,11/09/05,0.09000000000000341,0.2477291494632629
JWN,36.9500,36.9500,36.0400,36.3300,1.91 M,11/08/05,-0.9500000000000028,-2.548283261802583
JWN,37.3500,37.3700,36.5100,37.2800,1.98 M,11/07/05,0.10000000000000142,0.2689618074233497
JWN,36.9600,37.3200,36.4000,37.1800,1.55 M,11/04/05,0.5799999999999983,1.5846994535519079
JWN,37.0000,37.6500,36.3000,36.6000,2.66 M,11/03/05,0.8500000000000014,2.3776223776223815
JWN,35.0000,36.3900,34.9900,35.7500,2.75 M,11/02/05,0.45000000000000284,1.274787535410773
JWN,34.6500,35.5000,34.5100,35.3000,2.26 M,11/01/05,0.6499999999999986,1.875901875901872
JWN,33.7500,34.8233,33.5800,34.6500,2.88 M,10/31/05,1.8799999999999955,5.736954531583751
JWN,32.1500,32.8000,32.0000,32.7700,2.17 M,10/28/05,1.0000000000000036,3.147623544224122
JWN,33.2400,33.3000,31.7600,31.7700,2.05 M,10/27/05,-1.4899999999999984,-4.479855682501499
JWN,33.7500,34.0800,33.1600,33.2600,1.06 M,10/26/05,-0.490000000000002,-1.4518518518518577
JWN,34.1800,34.4900,33.4400,33.7500,1.16 M,10/25/05,-0.5300000000000011,-1.5460910151691982
JWN,33.5300,34.4400,33.5000,34.2800,1.14 M,10/24/05,0.6200000000000045,1.8419489007724439
JWN,33.9500,34.0000,33.3100,33.6600,1.69 M,10/21/05,0.10999999999999943,0.3278688524590147
JWN,33.6500,34.7400,33.3100,33.5500,1.96 M,10/20/05,0.0,0.0
JWN,31.9800,33.6400,31.6100,33.5500,3.82 M,10/19/05,1.5699999999999967,4.909318323952459
JWN,32.7500,32.7600,31.6900,31.9800,2.98 M,10/18/05,-0.8199999999999967,-2.4999999999999902
JWN,32.6300,33.4600,32.3000,32.8000,2.17 M,10/17/05,-0.10999999999999943,-0.33424491036159054
JWN,32.2300,33.1100,31.9100,32.9100,2.73 M,10/14/05,1.399999999999995,4.443033957473801
JWN,31.1100,31.8000,30.4100,31.5100,3.27 M,10/13/05,0.40000000000000213,1.2857602057216397
JWN,31.6000,31.6000,30.7200,31.1100,2.68 M,10/12/05,-0.629999999999999,-1.9848771266540612
JWN,32.1800,32.5000,31.6900,31.7400,2.00 M,10/11/05,-0.5000000000000036,-1.5508684863523683
JWN,33.3700,33.3700,32.1200,32.2400,1.59 M,10/10/05,-1.0,-3.0084235860409145
JWN,32.8000,33.2900,32.5400,33.2400,2.04 M,10/07/05,0.5200000000000031,1.5892420537897407
JWN,34.2500,34.2500,32.5000,32.7200,3.21 M,10/06/05,-0.46000000000000085,-1.386377335744427
JWN,33.2900,33.6500,32.7300,33.1800,2.76 M,10/05/05,-0.1600000000000037,-0.4799040191961718
JWN,35.4500,35.4500,33.3400,33.3400,2.48 M,10/04/05,-1.5699999999999932,-4.497278716700067
JWN,34.1800,35.0600,34.1800,34.9100,2.70 M,10/03/05,0.5899999999999963,1.7191142191142084
JWN,33.9700,34.9000,33.9100,34.3200,2.30 M,09/30/05,0.5200000000000031,1.5384615384615479
JWN,33.2300,33.9700,32.8800,33.8000,1.89 M,09/29/05,0.36999999999999744,1.1067903081064836
JWN,34.4000,34.4700,33.2500,33.4300,1.49 M,09/28/05,-0.7199999999999989,-2.1083455344070248
JWN,33.9500,34.4200,33.4900,34.1500,1.86 M,09/27/05,0.259999999999998,0.7671879610504515
JWN,34.5100,35.0000,33.6100,33.8900,2.00 M,09/26/05,-0.46000000000000085,-1.3391557496361015
JWN,33.7800,34.5600,33.4400,34.3500,2.14 M,09/23/05,0.46999999999999886,1.3872491145218384
JWN,33.0800,34.0900,32.6000,33.8800,3.48 M,09/22/05,0.8800000000000026,2.6666666666666745
JWN,33.6900,33.6900,32.0900,33.0000,4.80 M,09/21/05,-0.6899999999999977,-2.0480854853072064
JWN,34.8600,35.1000,33.6700,33.6900,2.67 M,09/20/05,-1.1700000000000017,-3.3562822719449277
JWN,35.5100,35.6400,34.5500,34.8600,2.27 M,09/19/05,-1.0200000000000031,-2.8428093645485033
JWN,36.8800,37.0000,35.8700,35.8800,3.94 M,09/16/05,-0.8499999999999943,-2.3141845902531837
JWN,36.7400,37.0100,36.4320,36.7300,1.49 M,09/15/05,0.17999999999999972,0.49247606019151774
JWN,37.0100,37.1700,36.4500,36.5500,1.90 M,09/14/05,-0.22000000000000597,-0.598313842806652
JWN,36.8400,37.1800,36.6100,36.7700,1.84 M,09/13/05,-0.07000000000000028,-0.1900108577633015
JWN,37.1600,37.3300,36.5500,36.8400,2.34 M,09/12/05,-0.03999999999999915,-0.10845986984815387
JWN,37.1200,37.2200,36.7500,36.8800,3.33 M,09/09/05,-0.23999999999999488,-0.6465517241379173
JWN,36.4900,37.4900,36.3000,37.1200,3.61 M,09/08/05,0.6299999999999955,1.7265004110715139
JWN,35.2500,36.5000,35.1800,36.4900,3.75 M,09/07/05,1.490000000000002,4.2571428571428624
JWN,33.1700,35.0700,33.1300,35.0000,2.99 M,09/06/05,1.8999999999999986,5.7401812688821705
JWN,33.0500,33.4000,32.7500,33.1000,1.36 M,09/02/05,0.2700000000000031,0.8224185196466742
JWN,34.3500,34.5000,32.3800,32.8300,2.90 M,09/01/05,-0.75,-2.233472304943419
JWN,32.9500,33.6400,32.7400,33.5800,2.65 M,08/31/05,0.5,1.5114873035066507
JWN,33.1500,33.1500,32.3200,33.0800,2.55 M,08/30/05,-0.09000000000000341,-0.27132951462165633
JWN,32.3600,33.2100,32.3000,33.1700,1.56 M,08/29/05,0.30000000000000426,0.9126863401277892
JWN,33.6700,33.7800,32.7000,32.8700,1.95 M,08/26/05,-0.8900000000000006,-2.636255924170618
JWN,33.5100,33.9500,33.3800,33.7600,1.72 M,08/25/05,0.4299999999999997,1.2901290129012895
JWN,33.2800,34.1200,33.0700,33.3300,2.05 M,08/24/05,0.10999999999999943,0.33112582781456784
JWN,33.3400,33.9100,32.9400,33.2200,1.99 M,08/23/05,0.03999999999999915,0.12055455093429521
JWN,33.6300,33.8000,32.8600,33.1800,2.03 M,08/22/05,-0.36999999999999744,-1.1028315946348657
JWN,34.2000,34.2400,33.3300,33.5500,2.58 M,08/19/05,-0.490000000000002,-1.4394829612220976
JWN,34.3100,34.5100,33.6800,34.0400,2.61 M,08/18/05,-0.259999999999998,-0.7580174927113645
JWN,33.0000,34.7500,32.6200,34.3000,6.55 M,08/17/05,3.179999999999996,10.218508997429293
JWN,32.4000,32.4100,30.9500,31.1200,2.60 M,08/16/05,-1.4800000000000004,-4.539877300613498
JWN,32.4800,32.8100,32.1400,32.6000,1.61 M,08/15/05,0.20000000000000284,0.6172839506172928
JWN,31.7000,32.6000,31.7000,32.4000,1.86 M,08/12/05,0.4799999999999969,1.5037593984962307
JWN,32.5200,32.5600,31.6500,31.9200,2.66 M,08/11/05,-0.4200000000000017,-1.2987012987013038
JWN,32.9000,33.6800,32.0500,32.3400,3.88 M,08/10/05,-0.11999999999999744,-0.36968576709795886
JWN,31.9100,32.6800,31.9100,32.4600,3.38 M,08/09/05,0.5800000000000018,1.8193224592220887
JWN,32.0400,33.0000,31.7000,31.8800,3.17 M,08/08/05,-0.10999999999999943,-0.3438574554548279
JWN,33.4500,33.4500,31.8700,31.9900,5.02 M,08/05/05,-1.4600000000000044,-4.364723467862494
JWN,34.3000,35.5000,33.2000,33.4500,6.28 M,08/04/05,-3.0,-8.23045267489712
JWN,36.9600,36.9900,36.2000,36.4500,1.45 M,08/03/05,-0.509999999999998,-1.3798701298701244
JWN,36.9000,37.1900,36.7500,36.9600,1.04 M,08/02/05,0.13000000000000256,0.35297311973934986
JWN,37.9600,37.9600,36.3900,36.8300,1.28 M,08/01/05,-0.17999999999999972,-0.4863550391785996
JWN,37.3900,37.4200,36.8600,37.0100,1.45 M,07/29/05,-0.38000000000000256,-1.0163145225996324
JWN,37.0200,37.4600,36.5400,37.3900,1.29 M,07/28/05,0.6099999999999994,1.6585100598151152
JWN,36.0200,36.8400,35.8200,36.7800,2.37 M,07/27/05,0.9200000000000017,2.565532626882325
JWN,36.1700,36.2800,35.6700,35.8600,2.12 M,07/26/05,-0.3100000000000023,-0.8570638650815655
JWN,37.1400,37.1500,36.0200,36.1700,1.65 M,07/25/05,-0.9699999999999989,-2.611739364566502
JWN,36.5000,37.1400,36.1900,37.1400,1.16 M,07/22/05,0.730000000000004,2.0049436967866083
JWN,36.9900,36.9900,36.1300,36.4100,1.33 M,07/21/05,-0.5100000000000051,-1.3813651137594938
JWN,37.0200,37.1100,36.0600,36.9200,1.58 M,07/20/05,-0.10000000000000142,-0.27012425715829663
JWN,36.3500,37.0700,36.2200,37.0200,1.76 M,07/19/05,0.8300000000000054,2.2934512296214575
JWN,36.0300,36.4300,35.9200,36.1900,2.12 M,07/18/05,0.18999999999999773,0.5277777777777715
JWN,35.7700,36.1400,35.7700,36.0000,1.77 M,07/15/05,0.240000000000002,0.671140939597321
JWN,36.1500,36.2500,35.6200,35.7600,1.46 M,07/14/05,-0.14999999999999858,-0.4177109440267296
JWN,36.0700,36.2400,35.7400,35.9100,1.48 M,07/13/05,0.03999999999999915,0.11151379983272693
JWN,35.5500,35.9300,35.3500,35.8700,1.34 M,07/12/05,0.4099999999999966,1.1562323745064766
JWN,35.8000,35.9300,35.2800,35.4600,1.68 M,07/11/05,-0.0899999999999963,-0.25316455696201495
JWN,35.6500,35.8300,35.3600,35.5500,1.65 M,07/08/05,-0.010000000000005116,-0.028121484814412585
JWN,34.7500,35.5800,34.5000,35.5600,2.01 M,07/07/05,0.7100000000000009,2.0373027259684386
JWN,35.1000,35.2900,34.6900,34.8500,2.02 M,07/06/05,-0.14000000000000057,-0.40011431837668066
JWN,34.3500,35.6400,34.3200,34.9900,2.21 M,07/05/05,0.9299999999999997,2.730475631238989
JWN,34.0000,34.1100,33.6300,34.0600,1.21 M,07/01/05,0.07500000000000284,0.2206855965867378
JWN,34.1700,34.5400,33.9800,33.9850,2.06 M,06/30/05,-0.18999999999999773,-0.5559619604974331
JWN,33.9200,34.3350,33.6350,34.1750,2.04 M,06/29/05,0.375,1.1094674556213018
JWN,33.0600,33.8750,33.0550,33.8000,2.29 M,06/28/05,0.9649999999999963,2.93893710979137
JWN,32.5750,32.9250,32.3900,32.8350,2.22 M,06/27/05,0.08500000000000085,0.259541984732827
JWN,32.7500,33.0200,32.5400,32.7500,3.63 M,06/24/05,-0.9200000000000017,-2.732402732402737
JWN,34.5500,34.7850,33.6500,33.6700,2.58 M,06/23/05,-1.0300000000000011,-2.968299711815565
JWN,35.0000,35.1000,34.4400,34.7000,2.23 M,06/22/05,-0.19999999999999574,-0.5730659025787843
JWN,34.4500,34.9750,34.2500,34.9000,2.60 M,06/21/05,0.5049999999999955,1.4682366623055543
JWN,34.5500,34.5500,34.0500,34.3950,2.53 M,06/20/05,-0.134999999999998,-0.3909643788010368
JWN,34.3050,34.5300,34.0000,34.5300,2.75 M,06/17/05,0.355000000000004,1.0387710314557543
JWN,34.2100,34.2650,33.9500,34.1750,2.20 M,06/16/05,-0.08500000000000085,-0.2481027437244625
JWN,34.1250,34.3200,33.7300,34.2600,2.92 M,06/15/05,0.32499999999999574,0.9577132753793892
JWN,33.1000,34.0450,33.0750,33.9350,2.64 M,06/14/05,0.9550000000000054,2.895694360218331
JWN,32.7500,33.1350,32.7500,32.9800,1.91 M,06/13/05,-0.11000000000000654,-0.33242671501966314
JWN,32.8650,33.1300,32.7500,33.0900,2.03 M,06/10/05,0.22500000000000142,0.6846188954815196
JWN,32.2950,32.8750,32.1400,32.8650,2.13 M,06/09/05,0.5949999999999989,1.8438177874186514
JWN,32.6500,32.6750,32.1100,32.2700,2.36 M,06/08/05,-0.18999999999999773,-0.5853357979051069
JWN,32.1900,32.8450,32.1550,32.4600,2.70 M,06/07/05,0.4549999999999983,1.4216528667395665
JWN,31.5650,32.2500,31.3900,32.0050,1.99 M,06/06/05,0.45500000000000185,1.4421553090332864
JWN,32.0100,32.0200,31.4600,31.5500,2.28 M,06/03/05,-0.4599999999999973,-1.4370509215869958
JWN,31.0000,32.1250,30.9750,32.0100,3.95 M,06/02/05,1.3349999999999973,4.352078239608793
JWN,30.4400,31.0000,30.3850,30.6750,2.14 M,06/01/05,0.15500000000000114,0.5078636959370941
JWN,30.1500,30.5500,30.0800,30.5200,2.94 M,05/31/05,0.3949999999999996,1.3112033195020734
JWN,30.0200,30.3100,30.0100,30.1250,2.17 M,05/27/05,0.03999999999999915,0.13295662290177546
JWN,29.9300,30.1250,29.7250,30.0850,1.46 M,05/26/05,0.28999999999999915,0.973317670750123
JWN,29.8700,29.9850,29.6350,29.7950,1.17 M,05/25/05,-0.07499999999999929,-0.25108804820890285
JWN,29.7250,29.8950,29.6000,29.8700,2.07 M,05/24/05,-0.03500000000000014,-0.11703728473499461
JWN,29.9600,30.2000,29.7400,29.9050,2.04 M,05/23/05,-0.04499999999999815,-0.1502504173622643
JWN,30.0000,30.0000,29.4250,29.9500,2.09 M,05/20/05,-0.015000000000000568,-0.050058401468381676
JWN,29.3250,30.0000,29.2300,29.9650,2.38 M,05/19/05,0.6050000000000004,2.060626702997277
JWN,29.3500,29.8950,28.9000,29.3600,5.55 M,05/18/05,0.6999999999999993,2.442428471737611
JWN,27.8150,28.7750,27.6550,28.6600,3.48 M,05/17/05,0.8449999999999989,3.037929174905622
JWN,27.1100,27.8450,27.0300,27.8150,2.00 M,05/16/05,0.5899999999999999,2.1671258034894394
JWN,27.2600,27.5100,26.9500,27.2250,1.99 M,05/13/05,-0.03500000000000014,-0.12839325018341943
JWN,27.5700,27.7250,27.1350,27.2600,1.44 M,05/12/05,-0.41000000000000014,-1.4817491868449588
JWN,27.4900,27.6850,27.0050,27.6700,2.29 M,05/11/05,0.1700000000000017,0.6181818181818244
JWN,27.7900,27.8550,27.5000,27.5000,1.81 M,05/10/05,-0.41000000000000014,-1.4690075241848806
JWN,27.5500,27.9500,27.4550,27.9100,2.53 M,05/09/05,0.35999999999999943,1.306715063520869
JWN,27.0000,27.7950,27.0000,27.5500,4.19 M,05/06/05,0.6050000000000004,2.2453145295973296
JWN,26.6250,27.1000,26.6200,26.9450,3.29 M,05/05/05,1.0949999999999989,4.235976789168274
JWN,25.5000,25.9950,25.4100,25.8500,3.13 M,05/04/05,0.39000000000000057,1.5318146111547548
JWN,25.4750,25.6800,25.2200,25.4600,2.82 M,05/03/05,-0.015000000000000568,-0.05888125613346641
JWN,25.4150,25.7250,25.2700,25.4750,2.50 M,05/02/05,0.060000000000002274,0.2360810544953857
JWN,26.3600,26.3650,24.4500,25.4150,5.54 M,04/29/05,-0.8500000000000014,-3.236245954692562
JWN,27.0050,27.1000,26.2650,26.2650,2.03 M,04/28/05,-0.8649999999999984,-3.1883523774419404
JWN,27.0000,27.4100,26.6750,27.1300,1.45 M,04/27/05,-0.005000000000002558,-0.01842638658559999
JWN,26.7750,27.2750,26.6700,27.1350,1.83 M,04/26/05,0.360000000000003,1.3445378151260616
JWN,26.6250,27.0300,26.5750,26.7750,1.57 M,04/25/05,0.2749999999999986,1.0377358490565984
JWN,26.9300,26.9350,26.3450,26.5000,2.06 M,04/22/05,-0.5300000000000011,-1.9607843137254943
JWN,26.8500,27.1050,26.7000,27.0300,1.59 M,04/21/05,0.39000000000000057,1.463963963963966
JWN,27.0750,27.1450,26.5150,26.6400,1.76 M,04/20/05,-0.504999999999999,-1.8603794437281231
JWN,26.7350,27.2000,26.7350,27.1450,1.84 M,04/19/05,0.48999999999999844,1.8383042581129185
JWN,26.2500,26.7500,26.2150,26.6550,2.20 M,04/18/05,0.40500000000000114,1.5428571428571471
JWN,26.0150,26.8450,26.0150,26.2500,2.17 M,04/15/05,-0.6149999999999984,-2.2892238972640926
JWN,27.5000,27.6750,26.8350,26.8650,2.15 M,04/14/05,-0.5600000000000023,-2.041932543299917
JWN,27.6500,27.9450,27.3500,27.4250,1.59 M,04/13/05,-0.2749999999999986,-0.9927797833934967
JWN,27.3550,27.8150,27.2650,27.7000,1.63 M,04/12/05,0.2749999999999986,1.0027347310847714
JWN,27.5000,27.6750,27.3000,27.4250,1.52 M,04/11/05,0.05000000000000071,0.18264840182648662
JWN,27.6750,27.8450,27.3300,27.3750,2.54 M,04/08/05,-0.7049999999999983,-2.510683760683755
JWN,27.4750,28.1350,27.1750,28.0800,3.99 M,04/07/05,0.5999999999999979,2.18340611353711
JWN,27.6350,27.7400,27.2850,27.4800,2.04 M,04/06/05,-0.120000000000001,-0.43478260869565577
JWN,27.2900,27.8100,27.2800,27.6000,2.01 M,04/05/05,0.38000000000000256,1.3960323291697376
JWN,27.1100,27.3700,26.8750,27.2200,2.21 M,04/04/05,0.10999999999999943,0.40575433419402224
JWN,27.5650,27.6900,26.9300,27.1100,2.78 M,04/01/05,-0.5800000000000018,-2.0946189960274535
JWN,27.1250,27.8550,27.0250,27.6900,3.58 M,03/31/05,0.740000000000002,2.7458256029684676
JWN,26.4500,27.0250,26.3500,26.9500,2.24 M,03/30/05,0.75,2.8625954198473282
JWN,26.3600,26.7500,26.1550,26.2000,2.08 M,03/29/05,-0.15000000000000213,-0.5692599620493439
JWN,26.0500,26.5300,26.0300,26.3500,1.88 M,03/28/05,0.3450000000000024,1.3266679484714572
JWN,26.1200,26.1750,25.8900,26.0050,2.04 M,03/24/05,-0.08999999999999986,-0.3448936577888479
JWN,26.1900,26.3350,25.9150,26.0950,2.15 M,03/23/05,-0.045000000000001705,-0.17214996174445946
JWN,26.1700,26.5750,26.0750,26.1400,1.66 M,03/22/05,-0.015000000000000568,-0.057350411011281084
JWN,26.4000,26.5200,25.8550,26.1550,3.11 M,03/21/05,-0.29499999999999815,-1.115311909262753
JWN,27.1350,27.1350,26.2500,26.4500,5.91 M,03/18/05,-0.6850000000000023,-2.5244149622259155
JWN,27.4500,27.5300,27.0950,27.1350,1.42 M,03/17/05,-0.3099999999999987,-1.1295317908544316
JWN,27.1600,27.5100,27.1050,27.4450,2.81 M,03/16/05,0.09499999999999886,0.3473491773308916
JWN,26.9250,27.3750,26.8950,27.3500,1.63 M,03/15/05,0.5100000000000016,1.900149031296578
JWN,26.6650,26.9450,26.5000,26.8400,1.95 M,03/14/05,-0.004999999999999005,-0.01862544235425221
JWN,27.0250,27.0550,26.7600,26.8450,1.46 M,03/11/05,-0.13000000000000256,-0.48192771084338293
JWN,27.0250,27.1000,26.8000,26.9750,958800,03/10/05,0.02500000000000213,0.09276437847867211
JWN,27.1000,27.1600,26.9350,26.9500,1.18 M,03/09/05,-0.22000000000000242,-0.8097165991902923
JWN,27.3750,27.4850,27.0500,27.1700,1.54 M,03/08/05,-0.264999999999997,-0.9659194459631749
JWN,26.9000,27.6250,26.9000,27.4350,3.46 M,03/07/05,0.4800000000000004,1.7807456872565404
JWN,26.9900,27.0750,26.8000,26.9550,2.35 M,03/04/05,0.06999999999999673,0.26036823507530865
JWN,27.0000,27.1950,26.7000,26.8850,2.50 M,03/03/05,-0.06999999999999673,-0.25969207939156647
JWN,26.9400,27.3450,26.7900,26.9550,2.55 M,03/02/05,-0.20000000000000284,-0.7365126127785042
JWN,26.8700,27.1950,26.5450,27.1550,2.33 M,03/01/05,0.27500000000000213,1.0230654761904843
JWN,26.4100,26.9000,26.3900,26.8800,2.67 M,02/28/05,0.3949999999999996,1.491410232206908
JWN,26.2500,26.5050,26.0150,26.4850,2.41 M,02/25/05,0.2699999999999996,1.0299446881556344
JWN,25.9000,26.2700,25.7000,26.2150,2.91 M,02/24/05,0.2049999999999983,0.7881584006151414
JWN,26.6450,26.6450,25.7350,26.0100,2.16 M,02/23/05,-0.02499999999999858,-0.09602458229306157
JWN,26.2500,26.4950,25.8700,26.0350,2.12 M,02/22/05,-0.28000000000000114,-1.064031920957633
JWN,26.8250,26.8300,26.2700,26.3150,3.24 M,02/18/05,-0.509999999999998,-1.9012115563839629
JWN,26.1200,27.1800,26.0750,26.8250,4.15 M,02/17/05,0.6950000000000003,2.6597780329123624
JWN,26.2500,26.2900,26.0000,26.1300,3.77 M,02/16/05,0.34999999999999787,1.3576415826221795
JWN,25.4500,25.8600,25.3050,25.7800,2.26 M,02/15/05,0.40500000000000114,1.596059113300497
JWN,25.1350,25.4500,25.1000,25.3750,1.35 M,02/14/05,0.16499999999999915,0.6545021816739355
JWN,24.8450,25.3250,24.7650,25.2100,1.97 M,02/11/05,0.40000000000000213,1.6122531237404358
JWN,24.7800,24.9450,24.5050,24.8100,827800,02/10/05,0.0799999999999983,0.32349373230892964
JWN,25.0800,25.1950,24.7000,24.7300,826800,02/09/05,-0.33999999999999986,-1.3562026326286392
JWN,25.2800,25.3000,24.9500,25.0700,1.61 M,02/08/05,-0.2749999999999986,-1.0850266324718825
JWN,25.3500,25.4450,25.2650,25.3450,2.84 M,02/07/05,0.23999999999999844,0.9559848635729872
JWN,25.1900,25.3800,24.9650,25.1050,2.01 M,02/04/05,-0.21000000000000085,-0.8295476989926954
JWN,24.9200,25.4650,24.7000,25.3150,3.13 M,02/03/05,0.46000000000000085,1.850734258700466
JWN,24.5000,24.9100,24.4750,24.8550,2.58 M,02/02/05,0.41499999999999915,1.6980360065466413
JWN,24.0500,24.5900,24.0000,24.4400,2.23 M,02/01/05,0.3150000000000013,1.3056994818652903
JWN,23.9250,24.1750,23.9100,24.1250,2.24 M,01/31/05,0.3249999999999993,1.3655462184873919
JWN,23.9000,23.9800,23.5650,23.8000,1.71 M,01/28/05,-0.004999999999999005,-0.021003990758239888
JWN,23.7700,23.9250,23.6500,23.8050,1.85 M,01/27/05,-0.03999999999999915,-0.1677500524218878
JWN,24.0250,24.0600,23.7350,23.8450,1.66 M,01/26/05,-0.08000000000000185,-0.3343782654127559
JWN,23.3250,24.0150,23.2600,23.9250,2.39 M,01/25/05,0.6099999999999994,2.6163414111087255
JWN,23.6800,23.7500,23.2750,23.3150,1.32 M,01/24/05,-0.36499999999999844,-1.5413851351351286
JWN,24.3000,24.3600,23.6400,23.6800,1.55 M,01/21/05,-0.379999999999999,-1.5793848711554406
JWN,24.0550,24.1900,23.9250,24.0600,1.36 M,01/20/05,0.004999999999999005,0.02078569943878198
JWN,24.3200,24.4200,24.0350,24.0550,1.44 M,01/19/05,-0.26000000000000156,-1.0692987867571522
JWN,24.2500,24.4050,24.0850,24.3150,1.47 M,01/18/05,-0.05999999999999872,-0.2461538461538409
JWN,24.0000,24.4900,23.9750,24.3750,1.53 M,01/14/05,0.375,1.5625
JWN,24.0000,24.2150,23.7500,24.0000,1.34 M,01/13/05,-0.03500000000000014,-0.145620969419597
JWN,24.1750,24.2000,23.7450,24.0350,1.96 M,01/12/05,-0.10000000000000142,-0.41433602651751156
JWN,24.1100,24.2750,23.8300,24.1350,2.19 M,01/11/05,0.02500000000000213,0.1036914143509006
JWN,23.9000,24.2600,23.7950,24.1100,2.14 M,01/10/05,0.18499999999999872,0.7732497387669748
JWN,23.8350,24.0000,23.6800,23.9250,3.15 M,01/07/05,0.08500000000000085,0.3565436241610774
JWN,23.4800,23.8500,23.4200,23.8400,3.08 M,01/06/05,0.3099999999999987,1.3174670633234113
JWN,23.5100,23.8350,23.5100,23.5300,5.91 M,01/05/05,0.7200000000000024,3.1565103024989147
JWN,23.2100,23.3400,22.7100,22.8100,2.16 M,01/04/05,-0.39000000000000057,-1.6810344827586232
JWN,23.3650,23.5550,23.0000,23.2000,3.00 M,01/03/05,-0.16499999999999915,-0.7061844639417897
JWN,23.5250,23.5650,23.3400,23.3650,1.03 M,12/31/04,-0.11000000000000298,-0.4685835995740276
JWN,23.5000,23.5400,23.3450,23.4750,1.28 M,12/30/04,-0.03500000000000014,-0.14887282007656377
JWN,23.4700,23.6600,23.3500,23.5100,1.39 M,12/29/04,0.0400000000000027,0.1704303365999263
JWN,23.2200,23.4700,23.0750,23.4700,841000,12/28/04,0.28999999999999915,1.2510785159620326
JWN,23.2250,23.5000,23.1600,23.1800,1.50 M,12/27/04,-0.019999999999999574,-0.0862068965517223
JWN,23.2250,23.5200,23.1500,23.2000,1.32 M,12/23/04,-0.07499999999999929,-0.32223415682061995
JWN,23.1000,23.5000,23.0750,23.2750,2.25 M,12/22/04,-0.02500000000000213,-0.10729613733906494
JWN,22.7800,23.3900,22.7500,23.3000,2.35 M,12/21/04,0.620000000000001,2.7336860670194048
JWN,22.8750,22.9800,22.5450,22.6800,2.58 M,12/20/04,-0.07499999999999929,-0.3295978905734972
JWN,22.9500,23.0950,22.7400,22.7550,3.58 M,12/17/04,-0.370000000000001,-1.6000000000000043
JWN,23.2950,23.3000,22.9750,23.1250,3.09 M,12/16/04,-0.054999999999999716,-0.23727351164797117
JWN,23.1150,23.4150,23.0300,23.1800,3.69 M,12/15/04,0.07000000000000028,0.30289917784508996
JWN,22.7300,23.1950,22.7050,23.1100,3.36 M,12/14/04,0.379999999999999,1.6717993840739067
JWN,22.6500,22.7650,22.5400,22.7300,2.90 M,12/13/04,0.23000000000000043,1.0222222222222241
JWN,22.5000,22.7425,22.4250,22.5000,3.13 M,12/10/04,-0.10000000000000142,-0.44247787610620093
JWN,22.3000,22.6900,22.2600,22.6000,4.03 M,12/09/04,0.045000000000001705,0.19951230325870853
JWN,22.0500,22.6550,22.0200,22.5550,4.07 M,12/08/04,0.5799999999999983,2.639362912400447
JWN,21.8800,22.2000,21.7000,21.9750,3.13 M,12/07/04,0.05000000000000071,0.2280501710376315
JWN,21.7450,22.0150,21.5850,21.9250,2.15 M,12/06/04,0.18500000000000227,0.8509659613615561
JWN,21.6800,22.0350,21.4750,21.7400,4.25 M,12/03/04,0.11499999999999844,0.5317919075144436
JWN,21.7500,22.4550,21.5000,21.6250,7.08 M,12/02/04,-0.6750000000000007,-3.0269058295964157
JWN,22.0500,22.5550,22.0500,22.3000,5.05 M,12/01/04,0.4250000000000007,1.9428571428571462
JWN,22.2250,22.3750,21.6300,21.8750,3.99 M,11/30/04,-0.4499999999999993,-2.0156774916013407
JWN,22.5750,22.6250,22.2300,22.3250,3.07 M,11/29/04,-0.240000000000002,-1.0635940615998314
JWN,22.5900,22.6750,22.4750,22.5650,1.42 M,11/26/04,-0.00999999999999801,-0.044296788482826185
JWN,22.7000,22.8600,22.5450,22.5750,2.69 M,11/24/04,-0.10000000000000142,-0.44101433296582765
JWN,22.3750,22.7500,22.3650,22.6750,3.08 M,11/23/04,0.1750000000000007,0.7777777777777809
JWN,22.1650,22.5750,21.9250,22.5000,3.29 M,11/22/04,0.33500000000000085,1.511391833972483
JWN,22.2250,22.4000,21.9400,22.1650,3.13 M,11/19/04,-0.3049999999999997,-1.3573653760569637
JWN,22.7900,22.7950,22.4200,22.4700,4.00 M,11/18/04,-0.3200000000000003,-1.4041246160596765
JWN,22.9500,23.3400,22.7450,22.7900,6.61 M,11/17/04,0.39000000000000057,1.7410714285714313
JWN,22.9250,22.9250,22.1400,22.4000,3.16 M,11/16/04,-0.6000000000000014,-2.6086956521739193
JWN,22.8750,23.2000,22.8100,23.0000,2.67 M,11/15/04,0.14000000000000057,0.6124234470691189
JWN,22.5250,22.9550,22.5000,22.8600,1.85 M,11/12/04,0.33500000000000085,1.4872364039955643
JWN,22.7200,22.7200,22.3000,22.5250,2.47 M,11/11/04,-0.14500000000000313,-0.6396118217909268
JWN,22.4750,22.9100,22.4550,22.6700,2.08 M,11/10/04,0.3450000000000024,1.545352743561041
JWN,22.5000,22.5750,22.1000,22.3250,2.26 M,11/09/04,-0.21000000000000085,-0.9318837364100326
JWN,22.4000,22.6700,22.3100,22.5350,2.26 M,11/08/04,0.03999999999999915,0.17781729273171437
JWN,22.7000,22.9000,22.2750,22.4950,3.44 M,11/05/04,0.019999999999999574,0.08898776418242302
JWN,22.5000,22.6900,21.7250,22.4750,3.98 M,11/04/04,0.610000000000003,2.7898467871026895
JWN,22.0000,22.1500,21.6600,21.8650,2.97 M,11/03/04,0.16499999999999915,0.7603686635944661
JWN,21.4350,21.9500,21.4350,21.7000,2.40 M,11/02/04,0.3000000000000007,1.4018691588785082
JWN,21.5500,21.6900,21.3400,21.4000,1.84 M,11/01/04,-0.19000000000000128,-0.8800370541917614
JWN,21.7300,21.8450,21.4110,21.5900,3.39 M,10/29/04,-0.19000000000000128,-0.87235996326906
JWN,21.3750,22.0500,21.3750,21.7800,3.33 M,10/28/04,0.490000000000002,2.3015500234852135
JWN,20.8550,21.4000,20.7450,21.2900,2.32 M,10/27/04,0.33500000000000085,1.598663803388217
JWN,20.3750,21.0300,20.3700,20.9550,1.86 M,10/26/04,0.5899999999999999,2.897127424502823
JWN,20.5000,20.5050,20.2000,20.3650,1.10 M,10/25/04,-0.14000000000000057,-0.6827603023652795
JWN,20.5250,21.0050,20.4350,20.5050,2.34 M,10/22/04,-0.05000000000000071,-0.24324981756264027
JWN,20.0100,20.6750,19.8200,20.5550,2.30 M,10/21/04,0.46499999999999986,2.3145843703334985
JWN,20.1250,20.2950,20.0000,20.0900,1.02 M,10/20/04,-0.08999999999999986,-0.4459861248761143
JWN,20.2500,20.4900,20.1500,20.1800,1.37 M,10/19/04,0.09499999999999886,0.47298979337813724
JWN,19.7650,20.1350,19.6550,20.0850,1.00 M,10/18/04,0.3249999999999993,1.6447368421052595
JWN,19.7500,19.9250,19.5800,19.7600,1.96 M,10/15/04,0.05000000000000071,0.2536783358701203
JWN,19.9900,19.9900,19.6800,19.7100,878000,10/14/04,-0.21000000000000085,-1.0542168674698837
JWN,20.2450,20.2450,19.8100,19.9200,1.82 M,10/13/04,-0.04999999999999716,-0.2503755633450033
JWN,19.9700,20.1850,19.6500,19.9700,1.98 M,10/12/04,-0.21499999999999986,-1.0651473866732717
JWN,19.9000,20.2100,19.9000,20.1850,2.29 M,10/11/04,0.33999999999999986,1.7132779037540937
JWN,20.1900,20.7100,19.7400,19.8450,4.86 M,10/08/04,-0.3949999999999996,-1.9515810276679821
JWN,20.2400,20.8000,20.0600,20.2400,5.38 M,10/07/04,0.7149999999999999,3.661971830985915
JWN,19.3000,19.6150,19.2550,19.5250,1.91 M,10/06/04,0.2699999999999996,1.4022331861854043
JWN,19.5050,19.6500,19.2100,19.2550,2.57 M,10/05/04,-0.4450000000000003,-2.258883248730966
JWN,19.2000,20.0700,19.2000,19.7000,3.11 M,10/04/04,0.5949999999999989,3.11436796650091
JWN,19.1650,19.5250,19.0950,19.1050,3.16 M,10/01/04,-0.015000000000000568,-0.07845188284519125
JWN,19.1200,19.2150,18.9100,19.1200,2.23 M,09/30/04,-0.08999999999999986,-0.46850598646538183
JWN,19.3600,19.4900,19.0500,19.2100,3.78 M,09/29/04,-0.129999999999999,-0.6721820062047519
JWN,19.3750,19.3750,18.8400,19.3400,2.97 M,09/28/04,-0.019999999999999574,-0.10330578512396474
JWN,19.7500,19.7500,19.2850,19.3600,1.69 M,09/27/04,-0.4299999999999997,-2.172814552804445
JWN,19.6750,19.8750,19.5750,19.7900,1.58 M,09/24/04,0.11999999999999744,0.6100660904931237
JWN,19.6700,19.8450,19.4450,19.6700,1.92 M,09/23/04,-0.054999999999999716,-0.27883396704689334
JWN,20.0550,20.0550,19.6750,19.7250,2.62 M,09/22/04,-0.379999999999999,-1.8900770952499328
JWN,19.7500,20.1500,19.6650,20.1050,1.80 M,09/21/04,0.375,1.900658895083629
JWN,19.7800,19.8300,19.5700,19.7300,1.18 M,09/20/04,-0.04499999999999815,-0.2275600505688908
JWN,20.0750,20.0750,19.7250,19.7750,2.40 M,09/17/04,-0.11500000000000199,-0.5781799899447058
JWN,19.8900,19.9500,19.7200,19.8900,3.29 M,09/16/04,0.019999999999999574,0.10065425264217198
JWN,20.1350,20.2100,19.8700,19.8700,2.21 M,09/15/04,-0.26500000000000057,-1.3161162155450734
JWN,20.0000,20.1400,19.8400,20.1350,1.55 M,09/14/04,0.13500000000000156,0.6750000000000078
JWN,19.8750,20.2500,19.8750,20.0000,2.16 M,09/13/04,0.16499999999999915,0.8318628686664943
JWN,19.3300,19.8900,19.1500,19.8350,2.45 M,09/10/04,0.5050000000000026,2.6125193998965472
JWN,19.3300,19.6500,19.0300,19.3300,3.02 M,09/09/04,-0.2150000000000034,-1.1000255819902962
JWN,19.9300,20.1450,19.5400,19.5450,1.91 M,09/08/04,-0.389999999999997,-1.9563581640330927
JWN,19.3800,20.0100,19.3750,19.9350,2.61 M,09/07/04,0.4599999999999973,2.362002567394081
JWN,19.2100,19.5550,19.1800,19.4750,1.95 M,09/03/04,0.18500000000000227,0.9590461378952944
JWN,19.2900,19.3650,18.7750,19.2900,4.03 M,09/02/04,0.5799999999999983,3.0999465526456347
JWN,18.5650,18.7450,18.4600,18.7100,2.26 M,09/01/04,0.14499999999999957,0.7810395906275226
JWN,18.4500,18.5650,18.2150,18.5650,2.46 M,08/31/04,0.06500000000000128,0.35135135135135825
JWN,18.7150,18.7700,18.5000,18.5000,1.57 M,08/30/04,-0.2749999999999986,-1.464713715046597
JWN,18.4850,18.9100,18.3550,18.7750,2.83 M,08/27/04,0.14999999999999858,0.8053691275167709
JWN,18.6250,18.6600,18.2300,18.6250,4.06 M,08/26/04,0.3299999999999983,1.8037715222738357
JWN,18.3450,18.4850,18.1370,18.2950,4.45 M,08/25/04,0.0,0.0
JWN,18.2200,18.3550,18.1850,18.2950,3.28 M,08/24/04,0.08000000000000185,0.4391984628053903
JWN,18.4000,18.4700,18.0300,18.2150,3.70 M,08/23/04,-0.19500000000000028,-1.0592069527430759
JWN,18.5500,18.8500,18.3050,18.4100,16.56 M,08/20/04,-1.870000000000001,-9.22090729783038
JWN,20.2800,20.6550,20.0950,20.2800,2.33 M,08/19/04,-0.019999999999999574,-0.09852216748768262
JWN,20.3500,20.5500,20.0800,20.3000,1.99 M,08/18/04,-0.0799999999999983,-0.39254170755641954
JWN,20.2650,20.7900,20.2450,20.3800,2.80 M,08/17/04,0.21499999999999986,1.0662038184973959
JWN,19.7650,20.5000,19.7600,20.1650,2.57 M,08/16/04,0.3999999999999986,2.0237794080445157
JWN,19.5700,19.9250,19.3400,19.7650,2.19 M,08/13/04,0.19500000000000028,0.9964230965763938
JWN,19.5700,20.6750,19.4750,19.5700,4.60 M,08/12/04,-0.8550000000000004,-4.186046511627909
JWN,20.6150,20.6500,20.3800,20.4250,1.23 M,08/11/04,-0.3149999999999977,-1.5188042430086681
JWN,20.3300,20.8300,20.3300,20.7400,1.94 M,08/10/04,0.41499999999999915,2.041820418204178
JWN,20.2650,20.4150,19.9450,20.3250,1.52 M,08/09/04,0.34999999999999787,1.7521902377972358
JWN,20.3600,20.3600,19.8750,19.9750,2.68 M,08/06/04,-0.384999999999998,-1.8909626719056878
JWN,20.3600,21.4750,20.2000,20.3600,4.71 M,08/05/04,-1.1099999999999994,-5.170004657661852
JWN,21.7400,21.7400,21.1000,21.4700,2.35 M,08/04/04,-0.2699999999999996,-1.2419503219871186
JWN,21.8150,22.0500,21.5750,21.7400,1.29 M,08/03/04,-0.26000000000000156,-1.181818181818189
JWN,21.9500,22.1200,21.8300,22.0000,1.89 M,08/02/04,0.05000000000000071,0.22779043280182557
JWN,22.0100,22.3200,21.8750,21.9500,3.73 M,07/30/04,-0.75,-3.303964757709251
JWN,22.7000,22.8900,22.4600,22.7000,1.77 M,07/29/04,0.1999999999999993,0.8888888888888857
JWN,21.9900,23.1500,21.8850,22.5000,3.38 M,07/28/04,0.5399999999999991,2.459016393442619
JWN,21.2450,21.9950,21.2450,21.9600,2.46 M,07/27/04,0.7200000000000024,3.389830508474588
JWN,21.4300,21.6500,21.0500,21.2400,1.37 M,07/26/04,-0.18500000000000227,-0.8634772462077118
JWN,21.6150,21.6950,21.3550,21.4250,2.08 M,07/23/04,-0.18999999999999773,-0.8790191996298762
JWN,21.6150,21.7500,20.9000,21.6150,3.45 M,07/22/04,0.504999999999999,2.3922311700615775
JWN,21.3750,21.4950,21.1100,21.1100,2.48 M,07/21/04,-0.254999999999999,-1.1935408378188581
JWN,20.4350,21.3850,20.4350,21.3650,2.35 M,07/20/04,1.0549999999999997,5.194485475135401
JWN,20.5100,20.6450,20.1500,20.3100,1.56 M,07/19/04,-0.15000000000000213,-0.7331378299120338
JWN,20.9800,20.9800,20.3900,20.4600,1.48 M,07/16/04,-0.34499999999999886,-1.6582552271088626
JWN,20.8050,21.1000,20.7750,20.8050,1.56 M,07/15/04,-0.03999999999999915,-0.19189254017749652
JWN,21.2500,21.2500,20.7850,20.8450,1.55 M,07/14/04,-0.40000000000000213,-1.8827959519887132
JWN,21.0500,21.3450,21.0500,21.2450,1.23 M,07/13/04,0.13500000000000156,0.6395073424917175
JWN,20.8050,21.1850,20.8050,21.1100,1.29 M,07/12/04,0.3049999999999997,1.4659937515020414
JWN,20.8500,20.9850,20.4100,20.8050,2.44 M,07/09/04,0.16999999999999815,0.8238429852192786
JWN,20.6350,21.0000,20.4500,20.6350,4.20 M,07/08/04,-1.0249999999999986,-4.732225300092329
JWN,21.3000,21.8000,21.3000,21.6600,2.39 M,07/07/04,0.3099999999999987,1.451990632318495
JWN,21.2200,21.4600,20.9500,21.3500,1.67 M,07/06/04,0.13000000000000256,0.6126295947219725
JWN,21.5300,21.7700,21.1200,21.2200,2.11 M,07/02/04,-0.3100000000000023,-1.439851370181153
JWN,21.5300,21.5700,21.0750,21.5300,2.20 M,07/01/04,0.22500000000000142,1.0560901196902202
JWN,21.3200,21.5000,21.1500,21.3050,2.76 M,06/30/04,-0.010000000000001563,-0.046915317851285776
JWN,22.1300,22.1300,21.2750,21.3150,3.05 M,06/29/04,-0.8149999999999977,-3.6827835517397096
JWN,22.1250,22.5000,21.8880,22.1300,2.28 M,06/28/04,0.004999999999999005,0.02259887005649268
JWN,22.1050,22.2250,21.7750,22.1250,2.66 M,06/25/04,0.004999999999999005,0.022603978300176332
JWN,22.1200,22.3150,21.8500,22.1200,3.09 M,06/24/04,0.23499999999999943,1.0737948366461019
JWN,21.1200,21.9050,21.1000,21.8850,2.15 M,06/23/04,0.6650000000000027,3.1338360037700412
JWN,21.1100,21.2350,20.8900,21.2200,1.66 M,06/22/04,0.08999999999999986,0.42593469001419715
JWN,20.9100,21.3000,20.8350,21.1300,2.15 M,06/21/04,0.28500000000000014,1.3672343487646925
JWN,20.7200,21.0250,20.6400,20.8450,1.87 M,06/18/04,0.14999999999999858,0.7248127567045112
JWN,20.6950,20.7350,20.3500,20.6950,1.58 M,06/17/04,0.10000000000000142,0.485554746297652
JWN,20.6250,20.6650,20.4950,20.5950,1.42 M,06/16/04,-0.030000000000001137,-0.14545454545455097
JWN,20.4350,20.7450,20.4000,20.6250,1.28 M,06/15/04,0.2749999999999986,1.3513513513513442
JWN,20.6350,20.6350,20.2200,20.3500,1.45 M,06/14/04,-0.3349999999999973,-1.6195310611554137
JWN,20.6850,20.8950,20.5700,20.6850,1.58 M,06/10/04,0.19500000000000028,0.9516837481698404
JWN,20.6950,20.8700,20.4750,20.4900,1.37 M,06/09/04,-0.15500000000000114,-0.7507871155243455
JWN,20.4750,20.6450,20.3800,20.6450,1.14 M,06/08/04,0.1750000000000007,0.854909623839769
JWN,20.4000,20.5750,20.3100,20.4700,1.59 M,06/07/04,0.14000000000000057,0.688637481554356
JWN,20.5000,20.5450,20.2550,20.3300,1.49 M,06/04/04,-0.030000000000001137,-0.147347740667982
JWN,20.3600,20.7200,20.2000,20.3600,2.78 M,06/03/04,-0.33000000000000185,-1.5949734171097236
JWN,20.5750,20.7250,20.5000,20.6900,2.36 M,06/02/04,0.20000000000000284,0.9760858955588231
JWN,20.2900,20.5850,20.2000,20.4900,2.46 M,06/01/04,0.21499999999999986,1.0604192355117132
JWN,20.3650,20.4000,20.2000,20.2750,1.48 M,05/28/04,-0.05000000000000071,-0.24600246002460374
JWN,20.3250,20.4600,20.0900,20.3250,2.42 M,05/27/04,0.23000000000000043,1.1445633242100046
JWN,20.0000,20.1950,19.8650,20.0950,2.66 M,05/26/04,0.03500000000000014,0.17447657028913333
JWN,19.7500,20.0700,19.6500,20.0600,2.76 M,05/25/04,0.13999999999999702,0.7028112449799047
JWN,19.9500,20.0650,19.5400,19.9200,3.53 M,05/24/04,-0.029999999999997584,-0.15037593984961195
JWN,19.1250,20.0300,19.0750,19.9500,7.09 M,05/21/04,1.3350000000000009,7.171635777598716
JWN,18.6150,18.8450,18.4000,18.6150,2.46 M,05/20/04,-0.015000000000000568,-0.0805152979066053
JWN,18.7500,19.0750,18.6000,18.6300,2.26 M,05/19/04,0.18499999999999872,1.002981837896442
JWN,17.9750,18.4650,17.9750,18.4450,1.40 M,05/18/04,0.6950000000000003,3.9154929577464803
JWN,17.7750,17.9450,17.4250,17.7500,1.70 M,05/17/04,-0.38500000000000156,-2.12296663909568
JWN,18.4100,18.4100,18.0000,18.1350,1.26 M,05/14/04,-0.17499999999999716,-0.9557618787547634
JWN,18.3100,18.5000,17.8500,18.3100,2.37 M,05/13/04,0.125,0.6873797085510036
JWN,18.1850,18.2100,17.6050,18.1850,2.33 M,05/12/04,0.134999999999998,0.7479224376731192
JWN,18.0500,18.0850,17.7350,18.0500,1.89 M,05/11/04,0.33000000000000185,1.862302483069988
JWN,17.7200,17.8800,17.5850,17.7200,2.17 M,05/10/04,-0.030000000000001137,-0.16901408450704866
JWN,17.7500,18.5600,17.7150,17.7500,3.37 M,05/07/04,-0.5700000000000003,-3.1113537117903944
JWN,18.3200,18.8250,18.0505,18.3200,3.38 M,05/06/04,-0.384999999999998,-2.0582731889868913
JWN,18.7050,18.7700,18.1550,18.7050,2.65 M,05/05/04,0.4099999999999966,2.241049467067486
JWN,18.2950,18.3550,17.9650,18.2950,2.07 M,05/04/04,0.28000000000000114,1.5542603386067229
JWN,18.0150,18.3150,17.6500,18.0150,2.37 M,05/03/04,0.1999999999999993,1.1226494527083877
JWN,17.8150,18.1600,17.5700,17.8150,3.62 M,04/30/04,-0.259999999999998,-1.438450899031801
JWN,18.0750,18.8350,17.8800,18.0750,2.83 M,04/29/04,-0.6500000000000021,-3.471295060080118
JWN,18.7250,19.3100,18.7100,18.7250,1.93 M,04/28/04,-0.634999999999998,-3.2799586776859404
JWN,19.3600,19.5200,19.0750,19.3600,1.65 M,04/27/04,0.33500000000000085,1.7608409986859441
JWN,19.0250,19.2700,19.0000,19.0250,1.14 M,04/26/04,-0.11500000000000199,-0.6008359456635423
JWN,19.1400,19.1500,18.8550,19.1400,1.16 M,04/23/04,-0.019999999999999574,-0.1043841336116888
JWN,19.1600,19.3000,18.7300,19.1600,1.02 M,04/22/04,0.26500000000000057,1.4024874305371822
JWN,18.8950,18.9600,18.5750,18.8950,1.05 M,04/21/04,0.23000000000000043,1.232252879721406
JWN,18.6650,19.2050,18.6650,18.6650,1.22 M,04/20/04,-0.19500000000000028,-1.0339342523860036
JWN,18.8600,18.8900,18.4900,18.8600,1.67 M,04/19/04,0.14000000000000057,0.747863247863251
JWN,18.7200,19.1250,18.6350,18.7200,2.55 M,04/16/04,-0.13000000000000256,-0.6896551724138066
JWN,18.8500,18.9200,18.5850,18.8500,1.78 M,04/15/04,0.25,1.3440860215053763
JWN,18.6000,18.9750,18.5300,18.6000,2.86 M,04/14/04,-0.36999999999999744,-1.9504480759093172
JWN,18.9700,19.8150,18.7550,18.9700,3.04 M,04/13/04,-0.6700000000000017,-3.411405295315691
JWN,19.6400,19.7300,19.4700,19.6400,2.02 M,04/12/04,0.019999999999999574,0.10193679918450343
JWN,19.6200,20.2700,19.5350,19.6200,2.64 M,04/08/04,-0.375,-1.875468867216804
JWN,19.9950,20.0150,19.7150,19.9950,940800,04/07/04,-0.03999999999999915,-0.19965061142999324
JWN,20.0350,20.0850,19.9150,20.0350,1.52 M,04/06/04,-0.05000000000000071,-0.24894199651481558
JWN,20.0850,20.0950,19.9400,20.0850,2.80 M,04/05/04,0.16000000000000014,0.8030112923462993
JWN,19.9250,20.0750,19.8550,19.9250,1.67 M,04/02/04,0.03500000000000014,0.17596782302664726
JWN,19.8900,19.9600,19.6750,19.8900,1.41 M,04/01/04,-0.05999999999999872,-0.3007518796992417
JWN,19.9500,20.1150,19.8300,19.9500,3.20 M,03/31/04,0.0,0.0
JWN,19.9500,20.0000,19.3250,19.9500,3.27 M,03/30/04,0.6149999999999984,3.18076027928626
JWN,19.3350,19.3750,18.8750,19.3350,1.49 M,03/29/04,0.495000000000001,2.6273885350318524
JWN,18.8400,19.2250,18.8400,18.8400,2.12 M,03/26/04,-0.41000000000000014,-2.1298701298701306
JWN,19.2500,19.2900,18.7750,19.2500,1.97 M,03/25/04,0.5350000000000001,2.8586695164306715
JWN,18.7150,18.8100,18.4850,18.7150,1.67 M,03/24/04,-0.010000000000001563,-0.05340453938585614
JWN,18.7250,18.8900,18.6050,18.7250,1.52 M,03/23/04,0.20000000000000284,1.0796221322537267
JWN,18.5250,18.5850,18.2950,18.5250,1.73 M,03/22/04,-0.14000000000000057,-0.7500669702652053
JWN,18.6650,18.8200,18.5700,18.6650,978600,03/19/04,-0.16000000000000014,-0.8499335989375838
JWN,18.8250,18.9250,18.7000,18.8250,1.47 M,03/18/04,-0.02500000000000213,-0.13262599469497152
JWN,18.8500,18.9200,18.7450,18.8500,1.35 M,03/17/04,0.11000000000000298,0.5869797225186926
JWN,18.7400,19.0000,18.6200,18.7400,1.54 M,03/16/04,0.004999999999999005,0.026688017080325623
JWN,18.7350,19.2600,18.6750,18.7350,2.24 M,03/15/04,-0.615000000000002,-3.178294573643421
JWN,19.3500,19.3700,18.8750,19.3500,1.85 M,03/12/04,0.46000000000000085,2.435150873478035
JWN,18.8900,19.1500,18.5250,18.8900,3.48 M,03/11/04,-0.1999999999999993,-1.0476689366160257
JWN,19.0900,19.5050,19.0900,19.0900,1.73 M,03/10/04,-0.3500000000000014,-1.800411522633752
JWN,19.4400,19.7150,19.3750,19.4400,1.48 M,03/09/04,-0.29999999999999716,-1.5197568389057607
JWN,19.7400,19.9750,19.7000,19.7400,1.14 M,03/08/04,-0.07000000000000028,-0.3533568904593654
JWN,19.8100,19.9450,19.7550,19.8100,2.22 M,03/05/04,-0.13500000000000156,-0.6768613687641091
JWN,19.9450,19.9850,19.7250,19.9450,2.58 M,03/04/04,0.16499999999999915,0.8341759352881655
JWN,19.7800,19.7950,19.3600,19.7800,2.12 M,03/03/04,-0.08999999999999986,-0.45294413688978286
JWN,19.8700,19.9050,19.6150,19.8700,2.42 M,03/02/04,0.15000000000000213,0.7606490872211061
JWN,19.7200,19.7400,19.5200,19.7200,1.84 M,03/01/04,0.14999999999999858,0.7664793050587562
JWN,19.5700,19.7450,19.4500,19.5700,2.21 M,02/27/04,0.15500000000000114,0.7983517898532122
JWN,19.4150,19.5000,18.8700,19.4150,3.82 M,02/26/04,-0.14499999999999957,-0.7413087934560306
JWN,19.5600,19.8200,19.4500,19.5600,1.70 M,02/25/04,-0.10000000000000142,-0.5086469989827133
JWN,19.6600,19.7500,19.4050,19.6600,3.10 M,02/24/04,0.2749999999999986,1.4186226463760565
JWN,19.3850,19.5500,19.2200,19.3850,4.33 M,02/23/04,-0.14999999999999858,-0.7678525723061099
JWN,19.5350,20.6250,19.1700,19.5350,8.49 M,02/20/04,-0.3550000000000004,-1.7848164906988457
JWN,19.8900,20.4500,19.8250,19.8900,1.97 M,02/19/04,-0.4349999999999987,-2.140221402214016
JWN,20.3250,20.4500,20.0750,20.3250,2.91 M,02/18/04,0.26500000000000057,1.3210368893320068
JWN,20.0600,20.2350,19.8350,20.0600,2.18 M,02/17/04,0.3249999999999993,1.6468203699011872
JWN,19.7350,20.0600,19.6690,19.7350,1.75 M,02/13/04,-0.240000000000002,-1.2015018773466932
JWN,19.9750,20.1050,19.7500,19.9750,2.67 M,02/12/04,-0.019999999999999574,-0.10002500625156076
JWN,19.9950,20.0550,19.6850,19.9950,2.77 M,02/11/04,-0.004999999999999005,-0.024999999999995026
JWN,20.0000,20.2295,19.9500,20.0000,2.35 M,02/10/04,-0.120000000000001,-0.5964214711729672
JWN,20.1200,20.2000,20.0500,20.1200,2.31 M,02/09/04,0.0400000000000027,0.19920318725100947
JWN,20.0800,20.1750,19.9500,20.0800,2.21 M,02/06/04,0.09999999999999787,0.5005005005004898
JWN,19.9800,20.3450,19.7850,19.9800,2.55 M,02/05/04,-0.004999999999999005,-0.025018764073049815
JWN,19.9850,20.1750,19.8100,19.9850,1.41 M,02/04/04,-0.015000000000000568,-0.07500000000000284
JWN,20.0000,20.1750,19.9050,20.0000,1.18 M,02/03/04,0.0,0.0
JWN,20.0000,20.1000,19.8350,20.0000,1.68 M,02/02/04,0.3500000000000014,1.781170483460567
JWN,19.6500,19.9350,19.5050,19.6500,1.25 M,01/30/04,-0.045000000000001705,-0.22848438690023715
JWN,19.6950,19.7450,19.3200,19.6950,2.06 M,01/29/04,0.375,1.9409937888198758
JWN,19.3200,19.9700,19.2250,19.3200,2.12 M,01/28/04,-0.4299999999999997,-2.1772151898734164
JWN,19.7500,19.8800,19.3050,19.7500,4.85 M,01/27/04,-0.4299999999999997,-2.130822596630326
JWN,20.1800,20.3750,19.9300,20.1800,4.59 M,01/26/04,0.35999999999999943,1.8163471241170506
JWN,19.8200,19.8500,19.2250,19.8200,4.20 M,01/23/04,0.6449999999999996,3.3637548891786158
JWN,19.1750,19.2700,19.0000,19.1750,2.99 M,01/22/04,0.25,1.321003963011889
JWN,18.9250,19.0250,18.7300,18.9250,2.22 M,01/21/04,0.060000000000002274,0.3180492976411465
JWN,18.8650,19.2250,18.7850,18.8650,1.73 M,01/20/04,-0.3100000000000023,-1.6166883963494252
JWN,19.1750,19.3400,19.0700,19.1750,2.61 M,01/16/04,0.33000000000000185,1.7511276200583807
JWN,18.8450,18.8800,18.5500,18.8450,2.95 M,01/15/04,0.2699999999999996,1.453566621803497
JWN,18.5750,18.6250,18.4950,18.5750,4.80 M,01/14/04,0.34499999999999886,1.8924849149753091
JWN,18.2300,18.3350,18.0850,18.2300,2.00 M,01/13/04,0.06500000000000128,0.357830993669151
JWN,18.1650,18.2000,17.8750,18.1650,1.87 M,01/12/04,0.21000000000000085,1.1695906432748586
JWN,17.9550,17.9950,17.8550,17.9550,1.48 M,01/09/04,-0.07500000000000284,-0.4159733777038427
JWN,18.0300,18.1150,17.8450,18.0300,3.91 M,01/08/04,0.5450000000000017,3.1169573920503386
JWN,17.4850,17.5100,17.1750,17.4850,2.47 M,01/07/04,0.054999999999999716,0.31554790590935006
JWN,17.4300,17.4750,16.8900,17.4300,3.17 M,01/06/04,0.5,2.9533372711163617
JWN,16.9300,16.9300,16.5500,16.9300,2.72 M,01/05/04,0.3049999999999997,1.8345864661654119
JWN,16.6250,17.3250,16.5500,16.6250,1.34 M,01/02/04,-0.5249999999999986,-3.06122448979591
JWN,17.1500,17.1750,17.0100,17.1500,1.26 M,12/31/03,0.09499999999999886,0.5570214013485715
JWN,17.0550,17.0750,16.9300,17.0550,765200,12/30/03,-0.02499999999999858,-0.14637002341919544
JWN,17.0800,17.1000,16.9200,17.0800,1.55 M,12/29/03,0.1599999999999966,0.9456264775413509
JWN,16.9200,16.9750,16.6750,16.9200,1.24 M,12/26/03,0.2900000000000027,1.7438364401683868
JWN,16.6300,16.6500,16.5200,16.6300,667200,12/24/03,-0.019999999999999574,-0.12012012012011757
JWN,16.6500,16.6750,16.4850,16.6500,2.19 M,12/23/03,0.2049999999999983,1.2465795074490622
JWN,16.4450,16.4900,16.3350,16.4450,1.38 M,12/22/03,0.08000000000000185,0.4888481515429383
JWN,16.3650,16.4900,16.2050,16.3650,1.70 M,12/19/03,-0.020000000000003126,-0.12206286237414174
JWN,16.3850,16.5000,16.1500,16.3850,2.02 M,12/18/03,0.2900000000000027,1.8018018018018187
JWN,16.0950,16.1550,15.7950,16.0950,3.49 M,12/17/03,0.12499999999999822,0.7827175954915355
JWN,15.9700,16.2250,15.7900,15.9700,4.42 M,12/16/03,-0.3800000000000008,-2.3241590214067323
JWN,16.3500,17.0700,16.2950,16.3500,2.15 M,12/15/03,-0.5549999999999997,-3.2830523513753307
JWN,16.9050,17.0350,16.7400,16.9050,993400,12/12/03,-0.134999999999998,-0.792253521126749
JWN,17.0400,17.1150,16.8350,17.0400,1.79 M,12/11/03,0.1999999999999993,1.1876484560570029
JWN,16.8400,17.1000,16.7650,16.8400,2.03 M,12/10/03,-0.13500000000000156,-0.7952871870397735
JWN,16.9750,17.1700,16.9450,16.9750,1.70 M,12/09/03,-0.004999999999999005,-0.02944640753827447
JWN,16.9800,17.0300,16.7750,16.9800,2.66 M,12/08/03,0.129999999999999,0.771513353115721
JWN,16.8500,17.1200,16.8200,16.8500,2.13 M,12/05/03,-0.254999999999999,-1.4907921660333177
JWN,17.1050,17.3050,16.7550,17.1050,4.03 M,12/04/03,-0.14499999999999957,-0.840579710144925
JWN,17.2500,17.3450,17.1500,17.2500,3.60 M,12/03/03,0.120000000000001,0.70052539404554
JWN,17.1300,17.2500,17.1250,17.1300,2.62 M,12/02/03,-0.120000000000001,-0.6956521739130492
JWN,17.2500,17.3950,17.1600,17.2500,2.60 M,12/01/03,0.0,0.0
JWN,17.2500,17.2950,17.0150,17.2500,1.37 M,11/28/03,0.03999999999999915,0.23242300987797296
JWN,17.2100,17.4900,16.9400,17.2100,3.41 M,11/26/03,-0.41499999999999915,-2.354609929078009
JWN,17.6250,17.7500,17.1500,17.6250,2.86 M,11/25/03,0.1750000000000007,1.0028653295128982
JWN,17.4500,17.5450,17.2100,17.4500,3.76 M,11/24/03,-0.010000000000001563,-0.05727376861398375
JWN,17.4600,17.5950,16.9100,17.4600,8.29 M,11/21/03,1.5500000000000007,9.742300439974862
JWN,15.9100,16.0500,15.2050,15.9100,4.85 M,11/20/03,0.6500000000000004,4.259501965923986
JWN,15.2600,15.2600,14.9000,15.2600,2.37 M,11/19/03,0.33000000000000007,2.210314802411253
JWN,14.9300,15.1490,14.8800,14.9300,2.50 M,11/18/03,-0.040000000000000924,-0.26720106880428135
JWN,14.9700,15.5850,14.9550,14.9700,2.53 M,11/17/03,-0.6150000000000002,-3.946102021174207
JWN,15.5850,16.0550,15.4600,15.5850,1.15 M,11/14/03,-0.21499999999999986,-1.3607594936708851
JWN,15.8000,15.8950,15.5000,15.8000,1.06 M,11/13/03,-0.09499999999999886,-0.5976722239697947
JWN,15.8950,15.8950,15.5800,15.8950,1.83 M,11/12/03,0.3099999999999987,1.989092075713819
JWN,15.5850,15.6450,15.2550,15.5850,1.45 M,11/11/03,0.3100000000000005,2.0294599018003305
JWN,15.2750,15.3650,15.1000,15.2750,1.46 M,11/10/03,0.005000000000000782,0.032743942370666544
JWN,15.2700,15.4950,15.2500,15.2700,881400,11/07/03,-0.03500000000000014,-0.22868343678536518
JWN,15.3050,15.3350,15.0000,15.3050,1.97 M,11/06/03,0.254999999999999,1.6943521594684319
JWN,15.0500,15.2950,14.9400,15.0500,2.27 M,11/05/03,-0.25,-1.6339869281045751
JWN,15.3000,15.4500,15.2200,15.3000,1.54 M,11/04/03,-0.14999999999999858,-0.9708737864077578
JWN,15.4500,15.5000,15.2400,15.4500,1.56 M,11/03/03,0.20500000000000007,1.3447031813709418
JWN,15.2450,15.4500,15.2250,15.2450,1.28 M,10/31/03,-0.030000000000001137,-0.19639934533552297
JWN,15.2750,15.5000,15.1250,15.2750,1.32 M,10/30/03,-0.16000000000000014,-1.0366051182377722
JWN,15.4350,15.6150,15.1650,15.4350,2.22 M,10/29/03,0.27000000000000135,1.7804154302670714
JWN,15.1650,15.1700,14.8700,15.1650,1.86 M,10/28/03,0.2649999999999988,1.7785234899328777
JWN,14.9000,15.1000,14.8500,14.9000,1.74 M,10/27/03,0.054999999999999716,0.37049511620073905
JWN,14.8450,15.0200,14.7200,14.8450,2.37 M,10/24/03,-0.16000000000000014,-1.0663112295901376
JWN,15.0050,15.0100,14.5750,15.0050,2.70 M,10/23/03,0.4250000000000007,2.914951989026068
JWN,14.5800,14.9050,14.4400,14.5800,2.20 M,10/22/03,-0.3200000000000003,-2.147651006711411
JWN,14.9000,14.9850,14.6250,14.9000,2.72 M,10/21/03,0.16999999999999993,1.154107264086897
JWN,14.7300,14.7550,14.3750,14.7300,2.68 M,10/20/03,0.3550000000000004,2.4695652173913074
JWN,14.3750,14.4500,14.2450,14.3750,1.77 M,10/17/03,0.08500000000000085,0.5948215535339458
JWN,14.2900,14.3750,14.1250,14.2900,1.56 M,10/16/03,0.014999999999998792,0.10507880910682166
JWN,14.2750,14.2750,13.7250,14.2750,1.95 M,10/15/03,-0.02999999999999936,-0.20971688220901336
JWN,14.3050,14.3950,14.1650,14.3050,1.76 M,10/14/03,-0.11500000000000021,-0.7975034674063816
JWN,14.4200,14.4800,14.0750,14.4200,1.65 M,10/13/03,0.34999999999999964,2.487562189054724
JWN,14.0700,14.2450,14.0000,14.0700,1.60 M,10/10/03,-0.03500000000000014,-0.24813895781637818
JWN,14.1050,14.2500,13.7750,14.1050,3.72 M,10/09/03,0.5899999999999999,4.365519792822789
JWN,13.5150,13.5200,13.3550,13.5150,1.52 M,10/08/03,0.015000000000000568,0.11111111111111532
JWN,13.5000,13.5000,13.1550,13.5000,1.42 M,10/07/03,0.2400000000000002,1.8099547511312233
JWN,13.2600,13.2950,13.0500,13.2600,958400,10/06/03,0.07000000000000028,0.5307050796057641
JWN,13.1900,13.3100,13.0250,13.1900,1.46 M,10/03/03,0.2599999999999998,2.0108275328692944
JWN,12.9300,12.9950,12.8100,12.9300,750200,10/02/03,-0.025000000000000355,-0.1929756850636847
JWN,12.9550,12.9850,12.4100,12.9550,1.28 M,10/01/03,0.5500000000000007,4.433696090286181
JWN,12.4050,12.5200,12.2600,12.4050,1.39 M,09/30/03,-0.16500000000000092,-1.3126491646778116
JWN,12.5700,12.6200,12.2750,12.5700,1.61 M,09/29/03,0.13000000000000078,1.0450160771704244
JWN,12.4400,12.7500,12.4400,12.4400,1.09 M,09/26/03,-0.3150000000000013,-2.4696197569580653
JWN,12.7550,12.8750,12.7200,12.7550,1.17 M,09/25/03,-0.049999999999998934,-0.3904724716907375
JWN,12.8050,12.9350,12.7600,12.8050,1.58 M,09/24/03,-0.10500000000000043,-0.8133230054221566
JWN,12.9100,12.9500,12.7200,12.9100,1.03 M,09/23/03,0.22499999999999964,1.773748521876229
JWN,12.6850,12.8850,12.6350,12.6850,1.54 M,09/22/03,-0.22499999999999964,-1.7428350116188973
JWN,12.9100,12.9700,12.7850,12.9100,1.31 M,09/19/03,-0.0600000000000005,-0.46260601387818423
JWN,12.9700,13.0300,12.8300,12.9700,1.01 M,09/18/03,-0.08499999999999908,-0.6510915358100274
JWN,13.0550,13.0750,12.8400,13.0550,2.27 M,09/17/03,0.17499999999999893,1.3586956521739046
JWN,12.8800,12.8800,12.4700,12.8800,1.53 M,09/16/03,0.34000000000000163,2.711323763955356
JWN,12.5400,12.6050,12.4750,12.5400,1.51 M,09/15/03,0.09499999999999886,0.763358778625945
JWN,12.4450,12.6400,12.3300,12.4450,1.95 M,09/12/03,-0.23000000000000043,-1.8145956607495102
JWN,12.6750,12.7050,12.4850,12.6750,2.29 M,09/11/03,0.125,0.99601593625498
JWN,12.5500,12.6750,12.5100,12.5500,3.50 M,09/10/03,0.0,0.0
JWN,12.5500,12.8750,12.5150,12.5500,3.15 M,09/09/03,-0.0649999999999995,-0.5152596115735196
JWN,12.6150,12.7500,12.5750,12.6150,1.72 M,09/08/03,-0.129999999999999,-1.020007846214194
JWN,12.7450,12.8500,12.6500,12.7450,1.77 M,09/05/03,-0.08000000000000007,-0.623781676413256
JWN,12.8250,13.1000,12.6750,12.8250,2.66 M,09/04/03,-0.27500000000000036,-2.0992366412213768
JWN,13.1000,13.2450,13.0950,13.1000,2.99 M,09/03/03,-0.025000000000000355,-0.19047619047619319
JWN,13.1250,13.2100,13.0200,13.1250,3.03 M,09/02/03,0.08999999999999986,0.6904487917146134
JWN,13.0350,13.0900,12.5900,13.0350,3.41 M,08/29/03,0.1899999999999995,1.479174776177497
JWN,12.8450,12.8700,12.4550,12.8450,3.78 M,08/28/03,0.375,3.007217321571772
JWN,12.4700,12.4850,12.2800,12.4700,2.75 M,08/27/03,0.08999999999999986,0.7269789983844899
JWN,12.3800,12.4400,12.2800,12.3800,4.08 M,08/26/03,0.010000000000001563,0.080840743734855
JWN,12.3700,12.5400,12.2150,12.3700,3.07 M,08/25/03,-0.16500000000000092,-1.3163143199042755
JWN,12.5350,12.9000,12.4000,12.5350,8.62 M,08/22/03,0.5350000000000001,4.458333333333335
JWN,12.0000,12.1000,11.8300,12.0000,3.26 M,08/21/03,0.16000000000000014,1.3513513513513526
JWN,11.8400,11.9050,11.7100,11.8400,1.96 M,08/20/03,-0.019999999999999574,-0.16863406408094075
JWN,11.8600,11.8750,11.7200,11.8600,1.91 M,08/19/03,-0.015000000000000568,-0.126315789473689
JWN,11.8750,11.8950,11.7000,11.8750,1.08 M,08/18/03,0.16499999999999915,1.4090520922288567
JWN,11.7100,11.7100,11.5800,11.7100,455400,08/15/03,0.0600000000000005,0.5150214592274721
JWN,11.6500,11.6500,11.4050,11.6500,1.10 M,08/14/03,0.16500000000000092,1.4366565084893421
JWN,11.4850,11.6000,11.4150,11.4850,1.25 M,08/13/03,-0.005000000000000782,-0.043516100957361026
JWN,11.4900,11.5000,11.2550,11.4900,1.86 M,08/12/03,0.26500000000000057,2.360801781737199
JWN,11.2250,11.2600,11.0750,11.2250,2.33 M,08/11/03,0.21499999999999986,1.9527702089009977
JWN,11.0100,11.0250,10.8750,11.0100,1.26 M,08/08/03,0.07499999999999929,0.6858710562414201
JWN,10.9350,11.0700,10.9300,10.9350,3.01 M,08/07/03,0.05000000000000071,0.4593477262287617
JWN,10.8850,10.9500,10.6250,10.8850,1.88 M,08/06/03,0.23499999999999943,2.206572769953046
JWN,10.6500,10.7950,10.6100,10.6500,1.84 M,08/05/03,-0.11999999999999922,-1.1142061281336975
JWN,10.7700,10.8500,10.4050,10.7700,2.01 M,08/04/03,0.254999999999999,2.425106990014256
JWN,10.5150,10.5800,10.5000,10.5150,756800,08/01/03,-0.03999999999999915,-0.37896731406915346
JWN,10.5550,10.6700,10.5250,10.5550,1.35 M,07/31/03,-0.009999999999999787,-0.0946521533364864
JWN,10.5650,10.6050,10.4700,10.5650,1.13 M,07/30/03,-0.005000000000000782,-0.04730368968780304
JWN,10.5700,10.7000,10.4650,10.5700,1.01 M,07/29/03,-0.125,-1.168770453482936
JWN,10.6950,10.8250,10.5500,10.6950,1.52 M,07/28/03,0.054999999999999716,0.51691729323308
JWN,10.6400,10.6900,10.5000,10.6400,1.23 M,07/25/03,0.15000000000000036,1.429933269780747
JWN,10.4900,10.7250,10.4700,10.4900,1.56 M,07/24/03,-0.20500000000000007,-1.9167835437120155
JWN,10.6950,10.7000,10.4650,10.6950,891600,07/23/03,0.05000000000000071,0.4697040864255586
JWN,10.6450,10.6900,10.4150,10.6450,1.63 M,07/22/03,0.125,1.188212927756654
JWN,10.5200,10.6000,10.3300,10.5200,1.79 M,07/21/03,-0.08000000000000007,-0.7547169811320762
JWN,10.6000,10.6200,10.4950,10.6000,1.25 M,07/18/03,0.09499999999999886,0.9043312708234066
JWN,10.5050,10.6500,10.4400,10.5050,1.33 M,07/17/03,-0.17999999999999972,-1.6846045858680365
JWN,10.6850,10.8345,10.6150,10.6850,2.04 M,07/16/03,-0.11999999999999922,-1.1105969458583917
JWN,10.8050,10.8750,10.7500,10.8050,2.33 M,07/15/03,0.20500000000000007,1.9339622641509442
JWN,10.6000,10.6850,10.5800,10.6000,2.73 M,07/14/03,0.10999999999999943,1.0486177311725398
JWN,10.4900,10.5750,10.4350,10.4900,1.94 M,07/11/03,0.08500000000000085,0.8169149447381149
JWN,10.4050,10.5550,10.2450,10.4050,3.45 M,07/10/03,0.20500000000000007,2.0098039215686283
JWN,10.2000,10.2960,10.1500,10.2000,1.50 M,07/09/03,-0.030000000000001137,-0.2932551319648205
JWN,10.2300,10.2550,9.9500,10.2300,1.89 M,07/08/03,0.2699999999999996,2.7108433734939714
JWN,9.9600,9.9600,9.7750,9.9600,1.91 M,07/07/03,0.21000000000000085,2.1538461538461626
JWN,9.7500,9.8250,9.7000,9.7500,1.27 M,07/03/03,-0.09999999999999964,-1.0152284263959355
JWN,9.8500,10.0300,9.8450,9.8500,1.86 M,07/02/03,-0.04499999999999993,-0.4547751389590695
JWN,9.8950,9.8950,9.6600,9.8950,1.13 M,07/01/03,0.1349999999999998,1.3831967213114733
JWN,9.7600,9.8500,9.7000,9.7600,1.16 M,06/30/03,0.0649999999999995,0.6704486848891129
JWN,9.6950,9.8500,9.6550,9.6950,695200,06/27/03,-0.09999999999999964,-1.0209290454313389
JWN,9.7950,9.8000,9.5500,9.7950,1.01 M,06/26/03,0.08999999999999986,0.9273570324574947
JWN,9.7050,9.8550,9.6500,9.7050,797400,06/25/03,0.0649999999999995,0.6742738589211567
JWN,9.6400,9.7950,9.6150,9.6400,508800,06/24/03,0.040000000000000924,0.4166666666666763
JWN,9.6000,9.7050,9.5550,9.6000,525600,06/23/03,-0.0649999999999995,-0.6725297465080136
JWN,9.6650,9.7400,9.6000,9.6650,1.03 M,06/20/03,0.06999999999999851,0.7295466388743982
JWN,9.5950,9.7550,9.4950,9.5950,773400,06/19/03,-0.10499999999999865,-1.0824742268041099
JWN,9.7000,9.7995,9.6250,9.7000,922400,06/18/03,-0.07500000000000107,-0.7672634271099853
JWN,9.7750,9.8850,9.7100,9.7750,885200,06/17/03,-0.04499999999999993,-0.45824847250509093
JWN,9.8200,9.8200,9.5800,9.8200,1.07 M,06/16/03,0.2699999999999996,2.8272251308900476
JWN,9.5500,9.7800,9.5350,9.5500,1.22 M,06/13/03,-0.1949999999999985,-2.001026167265249
JWN,9.7450,9.7500,9.6010,9.7450,909800,06/12/03,0.02999999999999936,0.308800823468856
JWN,9.7150,9.7350,9.5900,9.7150,857400,06/11/03,0.054999999999999716,0.5693581780538273
JWN,9.6600,9.6800,9.4750,9.6600,1.72 M,06/10/03,0.16000000000000014,1.684210526315791
JWN,9.5000,9.7400,9.4300,9.5000,1.04 M,06/09/03,-0.28500000000000014,-2.9126213592233023
JWN,9.7850,9.9400,9.7550,9.7850,1.26 M,06/06/03,-0.0649999999999995,-0.6598984771573554
JWN,9.8500,9.8700,9.4650,9.8500,2.62 M,06/05/03,0.3100000000000005,3.2494758909853303
JWN,9.5400,9.6000,9.4350,9.5400,1.72 M,06/04/03,0.03999999999999915,0.4210526315789384
JWN,9.5000,9.5000,9.3100,9.5000,1.51 M,06/03/03,0.09999999999999964,1.0638297872340388
JWN,9.4000,9.5150,9.3000,9.4000,1.96 M,06/02/03,0.07500000000000107,0.8042895442359365
JWN,9.3250,9.3250,9.1050,9.3250,2.32 M,05/30/03,0.35499999999999865,3.9576365663322033
JWN,8.9700,9.2100,8.9400,8.9700,2.17 M,05/29/03,-0.125,-1.3743815283122593
JWN,9.0950,9.4750,8.7900,9.0950,3.68 M,05/28/03,0.15000000000000036,1.6769144773616584
JWN,8.9450,8.9450,8.5300,8.9450,1.99 M,05/27/03,0.27500000000000036,3.171856978085356
JWN,8.6700,8.7750,8.5500,8.6700,1.11 M,05/23/03,-0.08000000000000007,-0.9142857142857151
JWN,8.7500,8.7800,8.5300,8.7500,1.99 M,05/22/03,0.21499999999999986,2.519039250146454
JWN,8.5350,8.7150,8.5250,8.5350,2.73 M,05/21/03,-0.08999999999999986,-1.0434782608695636
JWN,8.6250,8.8750,8.5000,8.6250,6.04 M,05/20/03,0.6950000000000003,8.764186633039095
JWN,7.9300,8.0000,7.8900,7.9300,2.73 M,05/19/03,-0.15000000000000036,-1.8564356435643607
JWN,8.0800,8.2900,7.9350,8.0800,5.45 M,05/16/03,-0.20500000000000007,-2.4743512371756196
JWN,8.2850,8.4550,8.2450,8.2850,2.37 M,05/15/03,-0.1899999999999995,-2.241887905604714
JWN,8.4750,8.5500,8.4250,8.4750,2.77 M,05/14/03,-0.04499999999999993,-0.5281690140845062
JWN,8.5200,8.5250,8.2050,8.5200,3.46 M,05/13/03,0.29999999999999893,3.649635036496337
JWN,8.2200,8.3000,7.9350,8.2200,2.84 M,05/12/03,0.21000000000000085,2.6217228464419584
JWN,8.0100,8.1450,7.9150,8.0100,3.27 M,05/09/03,-0.040000000000000924,-0.49689440993789963
JWN,8.0500,8.6500,7.9050,8.0500,7.66 M,05/08/03,-0.754999999999999,-8.574673480976706
JWN,8.8050,8.9500,8.7600,8.8050,1.57 M,05/07/03,-0.040000000000000924,-0.4522328999434813
JWN,8.8450,8.9450,8.6350,8.8450,1.41 M,05/06/03,0.1800000000000015,2.0773225620311773
JWN,8.6650,8.7250,8.5450,8.6650,1.44 M,05/05/03,0.02999999999999936,0.3474232773595757
JWN,8.6350,8.6350,8.3750,8.6350,2.34 M,05/02/03,0.1850000000000005,2.1893491124260414
JWN,8.4500,8.6150,8.2900,8.4500,1.02 M,05/01/03,-0.21499999999999986,-2.481246393537217
JWN,8.6650,8.7400,8.5450,8.6650,1.33 M,04/30/03,0.02499999999999858,0.2893518518518354
JWN,8.6400,8.7600,8.5250,8.6400,1.94 M,04/29/03,0.07500000000000107,0.8756567425569302
JWN,8.5650,8.6100,8.3900,8.5650,1.26 M,04/28/03,0.14499999999999957,1.7220902612826552
JWN,8.4200,8.5500,8.3250,8.4200,781600,04/25/03,-0.08000000000000007,-0.9411764705882362
JWN,8.5000,8.6000,8.4450,8.5000,785400,04/24/03,-0.09999999999999964,-1.1627906976744145
JWN,8.6000,8.6500,8.4700,8.6000,1.05 M,04/23/03,-0.030000000000001137,-0.3476245654693063
JWN,8.6300,8.6400,8.3200,8.6300,998400,04/22/03,0.19000000000000128,2.251184834123238
JWN,8.4400,8.5600,8.3800,8.4400,827000,04/21/03,-0.120000000000001,-1.4018691588785162
JWN,8.5600,8.5700,8.2750,8.5600,1.23 M,04/17/03,0.2550000000000008,3.0704394942805635
JWN,8.3050,8.5250,8.3050,8.3050,934600,04/16/03,-0.19500000000000028,-2.294117647058827
JWN,8.5000,8.5150,8.3300,8.5000,978800,04/15/03,0.08500000000000085,1.0101010101010204
JWN,8.4150,8.4150,8.1300,8.4150,1.66 M,04/14/03,0.20999999999999908,2.5594149908592208
JWN,8.2050,8.3750,8.1350,8.2050,1.11 M,04/11/03,-0.054999999999999716,-0.6658595641646455
JWN,8.2600,8.3200,8.0250,8.2600,1.69 M,04/10/03,0.20999999999999908,2.6086956521739015
JWN,8.0500,8.2500,8.0200,8.0500,946600,04/09/03,-0.1399999999999988,-1.7094017094016947
JWN,8.1900,8.2700,8.0650,8.1900,1.58 M,04/08/03,-0.08500000000000085,-1.0271903323262943
JWN,8.2750,8.4850,8.2700,8.2750,1.96 M,04/07/03,0.009999999999999787,0.12099213551118919
JWN,8.2650,8.3000,8.1750,8.2650,1.35 M,04/04/03,0.030000000000001137,0.3642987249544765
JWN,8.2350,8.3000,8.1000,8.2350,1.33 M,04/03/03,0.11999999999999922,1.4787430683918572
JWN,8.1150,8.2650,8.0900,8.1150,1.90 M,04/02/03,0.11500000000000021,1.4375000000000027
JWN,8.0000,8.1450,7.9200,8.0000,2.04 M,04/01/03,-0.09999999999999964,-1.2345679012345636
JWN,8.1000,8.4500,7.5000,8.1000,4.96 M,03/31/03,-0.5600000000000005,-6.466512702078528
JWN,8.6600,8.7250,8.6250,8.6600,787600,03/28/03,-0.08499999999999908,-0.9719839908519049
JWN,8.7450,8.9100,8.6450,8.7450,1.21 M,03/27/03,-0.1800000000000015,-2.016806722689092
JWN,8.9250,9.0000,8.8250,8.9250,1.09 M,03/26/03,-0.014999999999998792,-0.16778523489931535
JWN,8.9400,8.9650,8.8150,8.9400,1.07 M,03/25/03,0.07000000000000028,0.789177001127399
JWN,8.8700,9.0950,8.7400,8.8700,1.12 M,03/24/03,-0.3600000000000012,-3.9003250270856036
JWN,9.2300,9.3050,9.1000,9.2300,1.58 M,03/21/03,0.11500000000000021,1.261656609983546
JWN,9.1150,9.2050,8.8650,9.1150,1.58 M,03/20/03,0.040000000000000924,0.4407713498622692
JWN,9.0750,9.1800,8.9500,9.0750,1.11 M,03/19/03,0.02499999999999858,0.2762430939226362
JWN,9.0500,9.1850,8.9850,9.0500,1.15 M,03/18/03,-0.03999999999999915,-0.4400440044004307
JWN,9.0900,9.0900,8.5300,9.0900,1.52 M,03/17/03,0.5,5.820721769499418
JWN,8.5900,8.6250,8.4300,8.5900,937200,03/14/03,0.14499999999999957,1.7169923031379464
JWN,8.4450,8.4550,8.2400,8.4450,1.56 M,03/13/03,0.26500000000000057,3.239608801955997
JWN,8.1800,8.2900,8.1400,8.1800,1.32 M,03/12/03,-0.03500000000000014,-0.4260499087035927
JWN,8.2150,8.5050,8.2150,8.2150,869800,03/11/03,-0.21000000000000085,-2.4925816023738974
JWN,8.4250,8.5000,8.4050,8.4250,1.44 M,03/10/03,-0.049999999999998934,-0.5899705014749137
JWN,8.4750,8.5000,8.3250,8.4750,3.09 M,03/07/03,0.08000000000000007,0.9529481834425262
JWN,8.3950,8.5000,8.2000,8.3950,1.24 M,03/06/03,0.0649999999999995,0.780312124849934
JWN,8.3300,8.3750,8.2350,8.3300,1.28 M,03/05/03,-0.025000000000000355,-0.29922202274087795
JWN,8.3550,8.4650,8.3200,8.3550,2.00 M,03/04/03,-0.125,-1.474056603773585
JWN,8.4800,8.6100,8.4500,8.4800,1.52 M,03/03/03,-0.025000000000000355,-0.293944738389187
JWN,8.5050,8.5350,8.4200,8.5050,1.93 M,02/28/03,0.09000000000000163,1.0695187165775597
JWN,8.4150,8.4150,8.1850,8.4150,1.17 M,02/27/03,0.1349999999999998,1.6304347826086931
JWN,8.2800,8.4500,8.2100,8.2800,1.32 M,02/26/03,-0.22000000000000064,-2.5882352941176547
JWN,8.5000,8.5000,8.0300,8.5000,2.98 M,02/25/03,0.1850000000000005,2.2248947684906857
JWN,8.3150,8.6250,8.2050,8.3150,1.84 M,02/24/03,-0.3049999999999997,-3.5382830626450086
JWN,8.6200,8.6500,8.4500,8.6200,2.21 M,02/21/03,0.034999999999998366,0.407687827606271
JWN,8.5850,8.7250,8.4550,8.5850,1.12 M,02/20/03,-0.03999999999999915,-0.4637681159420191
JWN,8.6250,8.8600,8.5200,8.6250,518000,02/19/03,-0.22499999999999964,-2.542372881355928
JWN,8.8500,8.8500,8.6250,8.8500,659800,02/18/03,0.19500000000000028,2.2530329289428113
JWN,8.6550,8.6655,8.3950,8.6550,799800,02/14/03,0.129999999999999,1.524926686216997
JWN,8.5250,8.6050,8.4000,8.5250,949800,02/13/03,-0.08999999999999986,-1.0446894950667425
JWN,8.6150,8.7350,8.5750,8.6150,629600,02/12/03,-0.019999999999999574,-0.23161551823971713
JWN,8.6350,8.8750,8.6200,8.6350,952000,02/11/03,0.02999999999999936,0.34863451481695945
JWN,8.6050,8.6050,8.3750,8.6050,1.11 M,02/10/03,0.17999999999999972,2.1364985163204713
JWN,8.4250,8.7550,8.3900,8.4250,1.12 M,02/07/03,-0.24499999999999922,-2.8258362168396682
JWN,8.6700,8.8600,8.6400,8.6700,1.10 M,02/06/03,-0.10500000000000043,-1.1965811965812014
JWN,8.7750,9.0550,8.7650,8.7750,1.43 M,02/05/03,-0.09999999999999964,-1.1267605633802777
JWN,8.8750,9.0550,8.8400,8.8750,1.11 M,02/04/03,-0.2400000000000002,-2.633022490400441
JWN,9.1150,9.3000,9.0000,9.1150,939600,02/03/03,0.09500000000000064,1.0532150776053286
JWN,9.0200,9.1300,8.9600,9.0200,719200,01/31/03,0.025000000000000355,0.2779321845469745
JWN,8.9950,9.3150,8.9600,8.9950,859600,01/30/03,-0.11000000000000121,-1.2081274025260977
JWN,9.1050,9.1950,8.9900,9.1050,1.18 M,01/29/03,-0.08000000000000007,-0.8709853021230274
JWN,9.1850,9.2450,8.9800,9.1850,1.93 M,01/28/03,0.14500000000000135,1.6039823008849707
JWN,9.0400,9.1600,8.9375,9.0400,1.32 M,01/27/03,-0.05500000000000149,-0.6047278724574106
JWN,9.0950,9.3000,9.0400,9.0950,1.28 M,01/24/03,-0.22499999999999964,-2.4141630901287514
JWN,9.3200,9.3600,9.1300,9.3200,1.09 M,01/23/03,0.21000000000000085,2.3051591657519306
JWN,9.1100,9.2500,8.9950,9.1100,1.10 M,01/22/03,-0.009999999999999787,-0.10964912280701522
JWN,9.1200,9.4500,9.1000,9.1200,956600,01/21/03,-0.27000000000000135,-2.8753993610223785
JWN,9.3900,9.5750,9.3500,9.3900,803200,01/17/03,-0.1349999999999998,-1.417322834645667
JWN,9.5250,9.7550,9.4550,9.5250,1.11 M,01/16/03,-0.0649999999999995,-0.6777893639207456
JWN,9.5900,9.6200,9.4000,9.5900,1.37 M,01/15/03,0.04499999999999993,0.47145102147721246
JWN,9.5450,9.6650,9.4150,9.5450,632200,01/14/03,0.13000000000000078,1.3807753584705342
JWN,9.4150,9.7300,9.3750,9.4150,1.83 M,01/13/03,-0.19000000000000128,-1.9781363872982953
JWN,9.6050,9.7500,9.4700,9.6050,1.61 M,01/10/03,-0.11500000000000021,-1.1831275720164631
JWN,9.5800,9.7500,9.4450,9.7200,2.47 M,01/09/03,0.3200000000000003,3.404255319148939
JWN,9.4000,9.5500,9.3500,9.4000,1.03 M,01/08/03,-0.15000000000000036,-1.570680628272255
JWN,9.5500,9.6200,9.4050,9.5500,1.04 M,01/07/03,0.04499999999999993,0.47343503419252947
JWN,9.5050,9.6300,9.4500,9.5050,1.26 M,01/06/03,-0.02999999999999936,-0.3146303093864642
JWN,9.5350,9.7500,9.4650,9.5350,793600,01/03/03,-0.22000000000000064,-2.255253716043061
JWN,9.7550,9.8100,9.5450,9.7550,1.01 M,01/02/03,0.27000000000000135,2.8465998945703888
JWN,9.4850,9.6100,9.4350,9.4850,1.35 M,12/31/02,-0.02000000000000135,-0.21041557075224984
JWN,9.5050,9.6950,9.2000,9.5050,1.35 M,12/30/02,0.11000000000000121,1.1708355508249197
JWN,9.3950,9.5000,9.3150,9.3950,900000,12/27/02,-0.05000000000000071,-0.5293806246691446
JWN,9.4450,9.7000,9.3000,9.4450,1.11 M,12/26/02,0.054999999999999716,0.5857294994675156
JWN,9.3900,9.4100,9.1300,9.3900,610000,12/24/02,0.0,0.0
JWN,9.3900,9.4600,9.1750,9.3900,2.15 M,12/23/02,-0.0649999999999995,-0.687466948704384
JWN,9.4550,9.5250,9.2000,9.4550,1.76 M,12/20/02,0.45500000000000007,5.055555555555556
JWN,9.0000,9.3750,9.0000,9.0000,1.23 M,12/19/02,-0.15000000000000036,-1.6393442622950858
JWN,9.1500,9.3150,9.0000,9.1500,1.32 M,12/18/02,-0.24499999999999922,-2.607770090473648
JWN,9.3950,9.6550,9.3250,9.3950,1.24 M,12/17/02,-0.2599999999999998,-2.692905230450542
JWN,9.6550,9.6650,9.2800,9.6550,895000,12/16/02,0.3049999999999997,3.2620320855614944
JWN,9.3500,9.5400,9.2900,9.3500,857200,12/13/02,-0.21000000000000085,-2.196652719665281
JWN,9.5600,9.8500,9.3750,9.5600,1.43 M,12/12/02,-0.20500000000000007,-2.0993343573988743
JWN,9.7650,9.8850,9.6550,9.7650,2.74 M,12/11/02,-0.02499999999999858,-0.2553626149131622
JWN,9.7900,9.8250,9.5050,9.7900,839800,12/10/02,0.2049999999999983,2.1387584767866277
JWN,9.5850,9.8250,9.5350,9.5850,1.73 M,12/09/02,-0.28999999999999915,-2.936708860759485
JWN,9.8750,9.9300,9.7000,9.8750,1.54 M,12/06/02,-0.0600000000000005,-0.6039255158530498
JWN,9.9350,10.1300,9.7450,9.9350,2.15 M,12/05/02,-0.19500000000000028,-1.9249753208292228
JWN,10.1300,10.3100,9.5100,10.1300,2.35 M,12/04/02,0.3650000000000002,3.7378392217101912
JWN,9.7650,10.0500,9.6250,9.7650,917000,12/03/02,-0.23499999999999943,-2.3499999999999943
JWN,10.0000,10.6750,9.9400,10.0000,1.01 M,12/02/02,0.0,0.0
JWN,10.0000,10.1500,9.9600,10.0000,586200,11/29/02,-0.10999999999999943,-1.0880316518298658
JWN,10.1100,10.1450,9.7650,10.1100,1.29 M,11/27/02,0.3650000000000002,3.7455105182144712
JWN,9.7450,9.9000,9.7000,9.7450,1.02 M,11/26/02,-0.21000000000000085,-2.1094927172275324
JWN,9.9550,10.0000,9.8000,9.9550,959600,11/25/02,0.04499999999999993,0.45408678102926264
JWN,9.9100,10.1000,9.8255,9.9100,1.61 M,11/22/02,-0.08999999999999986,-0.8999999999999986
JWN,10.0000,10.2200,9.9100,10.0000,2.08 M,11/21/02,-0.10999999999999943,-1.0880316518298658
JWN,10.1100,10.2250,9.1000,10.1100,3.08 M,11/20/02,0.5449999999999999,5.697856769472033
JWN,9.5650,9.7300,9.3500,9.5650,2.21 M,11/19/02,-0.16500000000000092,-1.6957862281603382
JWN,9.7300,9.9950,9.5250,9.7300,1.83 M,11/18/02,-0.3249999999999993,-3.2322227747389287
JWN,10.0550,10.1450,9.9000,10.0550,1.88 M,11/15/02,-0.030000000000001137,-0.29747149231533104
JWN,10.0850,10.2000,9.5500,10.0850,3.56 M,11/14/02,0.5250000000000004,5.491631799163184
JWN,9.5600,9.8250,9.1350,9.5600,10.98 M,11/13/02,-1.455,-13.20926009986382
JWN,11.0150,11.1950,10.4500,11.0150,1.90 M,11/12/02,0.33000000000000007,3.0884417407580727
JWN,10.6850,10.9100,10.5200,10.6850,1.06 M,11/11/02,-0.3149999999999995,-2.8636363636363593
JWN,11.0000,11.1200,10.8350,11.0000,1.91 M,11/08/02,0.0600000000000005,0.5484460694698401
JWN,10.9400,11.1500,10.7500,10.9400,3.73 M,11/07/02,0.28999999999999915,2.7230046948356725
JWN,10.6500,10.7400,10.3750,10.6500,1.51 M,11/06/02,0.15000000000000036,1.428571428571432
JWN,10.5000,10.5000,10.0000,10.5000,1.76 M,11/05/02,0.5449999999999999,5.474635861376192
JWN,9.9550,10.4500,9.9150,9.9550,1.19 M,11/04/02,-0.3849999999999998,-3.723404255319147
JWN,10.3400,10.3750,9.9150,10.3400,1.53 M,11/01/02,0.379999999999999,3.8152610441766965
JWN,9.9600,10.3000,9.9500,9.9600,1.14 M,10/31/02,-0.07499999999999929,-0.7473841554558972
JWN,10.0350,10.1500,9.7500,10.0350,1.50 M,10/30/02,-0.07499999999999929,-0.7418397626112689
JWN,10.1100,10.2550,9.5400,10.1100,1.35 M,10/29/02,0.14499999999999957,1.4550928248871007
JWN,9.9650,10.6000,9.9150,9.9650,1.21 M,10/28/02,-0.5250000000000004,-5.004766444232605
JWN,10.4900,10.5500,9.9550,10.4900,1.45 M,10/25/02,0.4150000000000009,4.11910669975187
JWN,10.0750,10.3000,9.9450,10.0750,1.41 M,10/24/02,0.054999999999999716,0.5489021956087796
JWN,10.0200,10.1500,9.5000,10.0200,1.96 M,10/23/02,0.27500000000000036,2.8219599794766586
JWN,9.7450,9.9700,9.4700,9.7450,1.36 M,10/22/02,0.004999999999999005,0.05133470225871668
JWN,9.7400,9.7500,9.2700,9.7400,993800,10/21/02,0.13000000000000078,1.3527575442247741
JWN,9.6100,9.6800,9.3000,9.6100,1.49 M,10/18/02,0.16499999999999915,1.7469560614081434
JWN,9.4450,9.5650,9.3200,9.4450,1.39 M,10/17/02,0.29499999999999993,3.2240437158469937
JWN,9.1500,9.6450,9.0050,9.1500,1.30 M,10/16/02,-0.5,-5.181347150259067
JWN,9.6500,9.9600,9.5700,9.6500,1.88 M,10/15/02,0.47000000000000064,5.1198257080610095
JWN,9.1800,9.5500,9.1300,9.1800,1.54 M,10/14/02,-0.125,-1.3433637829124128
JWN,9.3050,9.7850,8.7000,9.3050,4.20 M,10/11/02,0.8200000000000003,9.664113140836776
JWN,8.4850,8.5500,7.7450,8.4850,3.87 M,10/10/02,0.7399999999999993,9.554551323434465
JWN,7.7450,8.0000,7.6700,7.7450,1.24 M,10/09/02,-0.3700000000000001,-4.559457794208258
JWN,8.1150,8.3050,7.5300,8.1150,3.52 M,10/08/02,0.2599999999999998,3.309993634627623
JWN,7.8550,8.4950,7.6500,7.8550,3.35 M,10/07/02,-0.6399999999999988,-7.5338434373160545
JWN,8.4950,8.6750,8.1000,8.4950,1.65 M,10/04/02,-0.005000000000000782,-0.0588235294117739
JWN,8.5000,8.9500,8.4550,8.5000,1.26 M,10/03/02,-0.40000000000000036,-4.494382022471914
JWN,8.9000,9.0850,8.6750,8.9000,1.50 M,10/02/02,0.015000000000000568,0.16882386043894843
JWN,8.8850,9.0000,8.4700,8.8850,2.26 M,10/01/02,-0.08500000000000085,-0.9476031215161744
JWN,8.9700,9.4300,8.7500,8.9700,2.96 M,09/30/02,-0.7050000000000001,-7.286821705426356
JWN,9.6750,10.1000,9.6300,9.6750,920800,09/27/02,-0.41999999999999993,-4.160475482912332
JWN,10.0950,10.1750,9.8300,10.0950,980000,09/26/02,0.27000000000000135,2.748091603053449
JWN,9.8250,10.0000,9.5750,9.8250,993600,09/25/02,0.21499999999999986,2.2372528616024963
JWN,9.6100,9.7550,9.4750,9.6100,1.02 M,09/24/02,-0.16500000000000092,-1.687979539641953
JWN,9.7750,10.1750,9.6000,9.7750,1.48 M,09/23/02,-0.5250000000000004,-5.09708737864078
JWN,10.3000,10.4250,10.1550,10.3000,1.43 M,09/20/02,0.07500000000000107,0.7334963325183479
JWN,10.2250,10.3800,10.1250,10.2250,897600,09/19/02,-0.05000000000000071,-0.48661800486618695
JWN,10.2750,10.5000,10.2050,10.2750,1.91 M,09/18/02,-0.1999999999999993,-1.9093078758949813
JWN,10.4750,10.8450,10.3950,10.4750,901400,09/17/02,-0.025000000000000355,-0.23809523809524147
JWN,10.5000,10.7250,10.4000,10.5000,1.05 M,09/16/02,-0.11999999999999922,-1.1299435028248515
JWN,10.6200,10.6350,10.2150,10.6200,719600,09/13/02,0.15499999999999936,1.4811275680840836
JWN,10.4650,10.6000,10.4150,10.4650,722800,09/12/02,-0.2400000000000002,-2.241943017281646
JWN,10.7050,10.9650,10.6700,10.7050,545800,09/11/02,-0.11999999999999922,-1.1085450346420251
JWN,10.8250,10.8250,10.6000,10.8250,1.01 M,09/10/02,0.15499999999999936,1.4526710402999004
JWN,10.6700,10.8600,10.4100,10.6700,2.08 M,09/09/02,0.09500000000000064,0.8983451536643087
JWN,10.5750,10.6250,10.0250,10.5750,2.19 M,09/06/02,0.9199999999999999,9.528741584671156
JWN,9.6550,9.8350,9.4250,9.6550,824800,09/05/02,-0.3000000000000007,-3.0135610246107554
JWN,9.9550,9.9800,9.5500,9.9550,1.20 M,09/04/02,0.35999999999999943,3.7519541427826932
JWN,9.5950,9.6750,9.3100,9.5950,1.12 M,09/03/02,-0.06999999999999851,-0.724262803931697
JWN,9.6650,9.7000,9.4000,9.6650,1.36 M,08/30/02,0.1949999999999985,2.0591341077085374
JWN,9.4700,9.5550,9.1900,9.4700,1.12 M,08/29/02,-0.019999999999999574,-0.21074815595363092
JWN,9.4900,9.5050,9.3250,9.4900,1.65 M,08/28/02,-0.09500000000000064,-0.9911319770474766
JWN,9.5850,9.9450,9.2500,9.5850,2.39 M,08/27/02,-0.47999999999999865,-4.769001490312952
JWN,10.0650,10.2000,9.9300,10.0650,1.74 M,08/26/02,-0.025000000000000355,-0.24777006937562296
JWN,10.0900,10.3400,10.0500,10.0900,1.31 M,08/23/02,-0.3200000000000003,-3.073967339097025
JWN,10.4100,10.4100,10.2250,10.4100,1.26 M,08/22/02,0.10999999999999943,1.067961165048538
JWN,10.3000,10.6000,10.2500,10.3000,1.68 M,08/21/02,-0.10499999999999865,-1.0091302258529424
JWN,10.4050,10.5750,10.1550,10.4050,826200,08/20/02,-0.08500000000000085,-0.8102955195424295
JWN,10.4900,10.5800,10.0750,10.4900,1.01 M,08/19/02,0.15000000000000036,1.4506769825918797
JWN,10.3400,10.5000,9.9550,10.3400,1.56 M,08/16/02,0.02999999999999936,0.29097963142579397
JWN,10.3100,10.7500,9.7500,10.3100,3.04 M,08/15/02,1.0899999999999999,11.822125813449022
JWN,9.2200,9.2500,8.6200,9.2200,804800,08/14/02,0.6050000000000004,7.022634939059785
JWN,8.6150,8.9850,8.5050,8.6150,898800,08/13/02,-0.07499999999999929,-0.86306098964326
JWN,8.6900,8.7500,8.4500,8.6900,1.23 M,08/12/02,-0.08999999999999986,-1.025056947608199
JWN,8.7800,8.8450,8.4650,8.7800,805800,08/09/02,0.06999999999999851,0.803673938002279
JWN,8.7100,8.8100,8.2900,8.7100,1.52 M,08/08/02,0.05500000000000149,0.6354708261120913
JWN,8.6550,9.0300,8.2300,8.6550,1.74 M,08/07/02,-0.21499999999999986,-2.423900789177
JWN,8.8700,9.0000,8.4250,8.8700,1.44 M,08/06/02,0.5099999999999998,6.100478468899519
JWN,8.3600,8.6450,8.2750,8.3600,1.42 M,08/05/02,-0.16999999999999993,-1.9929660023446651
JWN,8.5300,9.0000,8.2550,8.5300,1.91 M,08/02/02,-0.46499999999999986,-5.1695386325736505
JWN,8.9950,9.4400,8.9250,8.9950,1.18 M,08/01/02,-0.45500000000000007,-4.814814814814816
JWN,9.4500,9.7000,9.1750,9.4500,1.29 M,07/31/02,-0.33999999999999986,-3.472931562819202
JWN,9.7900,10.0200,9.4500,9.7900,1.16 M,07/30/02,-0.13500000000000156,-1.3602015113350283
JWN,9.9250,10.0500,9.4500,9.9250,1.77 M,07/29/02,0.7200000000000006,7.821835958718094
JWN,9.2050,9.4850,9.1000,9.2050,1.87 M,07/26/02,0.054999999999999716,0.6010928961748603
JWN,9.1500,9.4850,8.9300,9.1500,2.34 M,07/25/02,-0.29999999999999893,-3.1746031746031638
JWN,9.4500,9.4850,8.2900,9.4500,1.20 M,07/24/02,0.6499999999999986,7.38636363636362
JWN,8.8000,9.0750,8.5100,8.8000,1.23 M,07/23/02,0.14500000000000135,1.675332177931847
JWN,8.6550,9.2300,8.3850,8.6550,1.59 M,07/22/02,-0.3200000000000003,-3.5654596100278586
JWN,8.9750,9.3000,8.9000,8.9750,1.31 M,07/19/02,-0.41999999999999993,-4.470463012240553
JWN,9.3950,9.7700,9.2000,9.3950,1.06 M,07/18/02,0.049999999999998934,0.5350454788656921
JWN,9.3450,9.6500,9.0250,9.3450,2.23 M,07/17/02,-0.0649999999999995,-0.6907545164718332
JWN,9.4100,9.5650,8.9150,9.4100,2.14 M,07/16/02,-0.09999999999999964,-1.0515247108307009
JWN,9.5100,9.8050,8.9550,9.5100,1.96 M,07/15/02,-0.3800000000000008,-3.842264914054608
JWN,9.8900,10.4700,9.8900,9.8900,1.37 M,07/12/02,-0.504999999999999,-4.8581048581048485
JWN,10.3950,10.7200,10.0200,10.3950,1.56 M,07/11/02,-0.26500000000000057,-2.485928705440906
JWN,10.6600,11.1600,10.6250,10.6600,1.05 M,07/10/02,-0.33999999999999986,-3.0909090909090895
JWN,11.0000,11.5000,10.9500,11.0000,919400,07/09/02,-0.1750000000000007,-1.5659955257270757
JWN,11.1750,11.3200,11.0750,11.1750,764600,07/08/02,0.05500000000000149,0.49460431654677606
JWN,11.1200,11.1750,10.5800,11.1200,323600,07/05/02,0.5749999999999993,5.452821242294919
JWN,10.5450,10.6850,10.1750,10.5450,910400,07/03/02,0.02999999999999936,0.28530670470755454
JWN,10.5150,10.9700,10.3750,10.5150,1.30 M,07/02/02,-0.4599999999999991,-4.191343963553522
JWN,10.9750,11.4050,10.9050,10.9750,735800,07/01/02,-0.34999999999999964,-3.090507726269313
JWN,11.3250,11.5500,11.2400,11.3250,1.34 M,06/28/02,0.08000000000000007,0.7114273010226774
JWN,11.2450,11.3550,10.8000,11.2450,959200,06/27/02,0.11999999999999922,1.0786516853932513
JWN,11.1250,11.2050,10.7600,11.1250,1.09 M,06/26/02,-0.07499999999999929,-0.6696428571428509
JWN,11.2000,11.6500,11.1850,11.2000,554000,06/25/02,-0.23000000000000043,-2.012248468941386
JWN,11.4300,11.5500,11.1050,11.4300,547600,06/24/02,0.02999999999999936,0.2631578947368365
JWN,11.4000,11.7000,11.3650,11.4000,1.00 M,06/21/02,-0.23000000000000043,-1.9776440240756699
JWN,11.6300,12.0000,11.6300,11.6300,652800,06/20/02,-0.24499999999999922,-2.0631578947368356
JWN,11.8750,11.9900,11.7250,11.8750,689800,06/19/02,-0.005000000000000782,-0.04208754208754866
JWN,11.8800,12.1250,11.8500,11.8800,748200,06/18/02,-0.2699999999999996,-2.2222222222222188
JWN,12.1500,12.1750,11.7050,12.1500,722800,06/17/02,0.4399999999999995,3.7574722459436334
JWN,11.7100,11.7450,11.3000,11.7100,1.12 M,06/14/02,-0.054999999999999716,-0.4674883127921778
JWN,11.7650,12.2600,11.7550,11.7650,603400,06/13/02,-0.5449999999999999,-4.427294882209585
JWN,12.3100,12.3350,12.0000,12.3100,855600,06/12/02,0.21000000000000085,1.7355371900826517
JWN,12.1000,12.6150,12.0600,12.1000,1.15 M,06/11/02,-0.16000000000000014,-1.305057096247962
JWN,12.2600,12.5000,12.1500,12.2600,409600,06/10/02,0.049999999999998934,0.40950040950040073
JWN,12.2100,12.2600,11.8200,12.2100,706400,06/07/02,0.21000000000000085,1.750000000000007
JWN,12.0000,12.4250,11.9750,12.0000,1.26 M,06/06/02,-0.1349999999999998,-1.112484548825709
JWN,12.1350,12.1500,11.7100,12.1350,1.23 M,06/05/02,0.4299999999999997,3.6736437419906
JWN,11.7050,12.0000,11.5000,11.7050,1.60 M,06/04/02,-0.3699999999999992,-3.0641821946169707
JWN,12.0750,12.3750,12.0400,12.0750,844400,06/03/02,-0.2350000000000012,-1.9090170593013907
JWN,12.3100,12.3500,11.8850,12.3100,1.09 M,05/31/02,0.4850000000000012,4.101479915433414
JWN,11.8250,12.0950,11.6000,11.8250,826200,05/30/02,-0.29499999999999993,-2.4339933993399336
JWN,12.1200,12.3650,12.0000,12.1200,545000,05/29/02,-0.15500000000000114,-1.2627291242362617
JWN,12.2750,12.5750,12.1250,12.2750,603600,05/28/02,-0.27500000000000036,-2.1912350597609587
JWN,12.5500,12.8700,12.5450,12.5500,476000,05/24/02,-0.129999999999999,-1.025236593059929
JWN,12.6800,12.7000,12.4050,12.6800,538400,05/23/02,0.27500000000000036,2.2168480451430903
JWN,12.4050,12.4950,12.2850,12.4050,688000,05/22/02,-0.09500000000000064,-0.7600000000000051
JWN,12.5000,12.8700,12.4250,12.5000,804800,05/21/02,-0.3650000000000002,-2.837155071900507
JWN,12.8650,12.9500,12.6500,12.8650,762800,05/20/02,-0.16999999999999993,-1.3041810510164935
JWN,13.0350,13.4350,12.9700,13.0350,695600,05/17/02,-0.0649999999999995,-0.49618320610686645
JWN,13.1000,13.1250,12.8000,13.1000,821400,05/16/02,-0.08500000000000085,-0.6446719757300027
JWN,13.1850,13.2700,12.8600,13.1850,1.74 M,05/15/02,0.3100000000000005,2.407766990291266
JWN,12.8750,12.9650,12.4000,12.8750,2.00 M,05/14/02,0.6449999999999996,5.2739165985282055
JWN,12.2300,12.3550,12.1600,12.2300,682600,05/13/02,0.11500000000000021,0.9492364836978969
JWN,12.1150,12.3000,11.9000,12.1150,1.45 M,05/10/02,0.2599999999999998,2.193167439898775
JWN,11.8550,12.2050,11.8250,11.8550,1.65 M,05/09/02,0.3150000000000013,2.7296360485268742
JWN,11.5400,11.8000,11.4000,11.5400,1.18 M,05/08/02,0.034999999999998366,0.3042155584528324
JWN,11.5050,11.5750,11.2250,11.5050,608800,05/07/02,0.25,2.2212350066637048
JWN,11.2550,11.5650,11.2500,11.2550,560400,05/06/02,-0.1999999999999993,-1.7459624618070648
JWN,11.4550,11.7250,11.2500,11.4550,689800,05/03/02,-0.2699999999999996,-2.3027718550106573
JWN,11.7250,11.7950,11.6250,11.7250,689200,05/02/02,-0.025000000000000355,-0.21276595744681154
JWN,11.7500,11.7900,11.5000,11.7500,494800,05/01/02,0.019999999999999574,0.1705029838022129
JWN,11.7300,11.9000,11.5250,11.7300,660800,04/30/02,0.08500000000000085,0.7299270072992774
JWN,11.6450,11.8250,11.6300,11.6450,985800,04/29/02,-0.11500000000000021,-0.9778911564625868
JWN,11.7600,12.0250,11.7250,11.7600,684200,04/26/02,-0.02999999999999936,-0.254452926208646
JWN,11.7900,11.9100,11.6000,11.7900,971400,04/25/02,-0.120000000000001,-1.0075566750629805
JWN,11.9100,12.3700,11.8850,11.9100,650600,04/24/02,-0.28999999999999915,-2.377049180327862
JWN,12.2000,12.3450,12.0750,12.2000,411000,04/23/02,0.05999999999999872,0.49423393739702404
JWN,12.1400,12.5000,12.0200,12.1400,801400,04/22/02,-0.3200000000000003,-2.5682182985553794
JWN,12.4600,12.5500,12.3800,12.4600,592000,04/19/02,0.03500000000000014,0.28169014084507155
JWN,12.4250,12.4950,12.1950,12.4250,567200,04/18/02,0.16000000000000014,1.304525071341216
JWN,12.2650,12.4650,12.0900,12.2650,792800,04/17/02,0.025000000000000355,0.2042483660130748
JWN,12.2400,12.2750,12.1250,12.2400,604800,04/16/02,0.16999999999999993,1.4084507042253516
JWN,12.0700,12.2950,12.0000,12.0700,525400,04/15/02,-0.15499999999999936,-1.2678936605316922
JWN,12.2250,12.2500,12.1050,12.2250,488600,04/12/02,0.10999999999999943,0.9079653322327645
JWN,12.1150,12.5600,12.1050,12.1150,1.58 M,04/11/02,-0.4800000000000004,-3.811036125446609
JWN,12.5950,12.6200,12.1550,12.5950,1.19 M,04/10/02,0.39000000000000057,3.1954117165096316
JWN,12.2050,12.3450,11.8100,12.2050,1.89 M,04/09/02,0.19500000000000028,1.6236469608659474
JWN,12.0100,12.1200,11.6450,12.0100,819800,04/08/02,0.22499999999999964,1.9092066185829413
JWN,11.7850,12.0050,11.7750,11.7850,447800,04/05/02,0.0600000000000005,0.5117270788912622
JWN,11.7250,11.8850,11.2250,11.7250,1.39 M,04/04/02,0.47499999999999964,4.222222222222219
JWN,11.2500,11.5000,11.1250,11.2500,1.24 M,04/03/02,0.0649999999999995,0.5811354492624006
JWN,11.1850,11.7900,11.0750,11.1850,1.61 M,04/02/02,-0.6049999999999986,-5.131467345207792
JWN,11.7900,12.2551,11.6500,11.7900,1.77 M,04/01/02,-0.46000000000000085,-3.7551020408163334
JWN,12.2500,12.3500,12.1200,12.2500,623200,03/28/02,0.13000000000000078,1.072607260726079
JWN,12.1200,12.2400,11.9500,12.1200,696400,03/27/02,-0.13000000000000078,-1.0612244897959247
JWN,12.2500,12.4500,11.9500,12.2500,802400,03/26/02,0.3000000000000007,2.510460251046031
JWN,11.9500,12.3500,11.9000,11.9500,547600,03/25/02,-0.4300000000000015,-3.4733441033925807
JWN,12.3800,12.4350,12.2500,12.3800,599800,03/22/02,-0.014999999999998792,-0.12101653892697695
JWN,12.3950,12.5750,12.2050,12.3950,788600,03/21/02,-0.21499999999999986,-1.7049960348929412
JWN,12.6100,12.7250,12.4500,12.6100,1.47 M,03/20/02,-0.21499999999999986,-1.6764132553606228
JWN,12.8250,13.0750,12.7750,12.8250,703200,03/19/02,-0.14000000000000057,-1.0798303123794877
JWN,12.9650,13.0050,12.4300,12.9650,1.06 M,03/18/02,-0.025000000000000355,-0.19245573518091114
JWN,12.9900,12.9900,12.7650,12.9900,807200,03/15/02,0.04499999999999993,0.3476245654692926
JWN,12.9450,13.0400,12.8250,12.9450,590000,03/14/02,0.07500000000000107,0.5827505827505911
JWN,12.8700,13.0950,12.5950,12.8700,1.05 M,03/13/02,-0.23000000000000043,-1.755725190839698
JWN,13.1000,13.1000,12.7500,13.1000,757800,03/12/02,0.25,1.9455252918287937
JWN,12.8500,12.8750,12.6100,12.8500,1.06 M,03/11/02,0.15000000000000036,1.1811023622047272
JWN,12.7000,12.8750,12.4500,12.7000,1.43 M,03/08/02,-0.005000000000000782,-0.039354584809136416
JWN,12.7050,13.0700,12.5050,12.7050,1.89 M,03/07/02,-0.22000000000000064,-1.702127659574473
JWN,12.9250,12.9250,12.4900,12.9250,944000,03/06/02,0.245000000000001,1.9321766561514275
JWN,12.6800,12.9100,12.5700,12.6800,1.31 M,03/05/02,-0.4350000000000005,-3.3168128097598206
JWN,13.1150,13.1450,12.8000,13.1150,1.21 M,03/04/02,0.16000000000000014,1.2350443844075658
JWN,12.9550,13.0000,12.5750,12.9550,1.27 M,03/01/02,0.22499999999999964,1.76747839748625
JWN,12.7300,12.8800,12.5250,12.7300,846000,02/28/02,-0.05999999999999872,-0.46911649726347715
JWN,12.7900,13.1250,12.6500,12.7900,1.34 M,02/27/02,-0.120000000000001,-0.9295120061967544
JWN,12.9100,12.9500,12.6600,12.9100,1.11 M,02/26/02,0.23000000000000043,1.8138801261829687
JWN,12.6800,12.9500,12.5350,12.6800,1.29 M,02/25/02,0.14000000000000057,1.1164274322169105
JWN,12.5400,12.6050,12.2500,12.5400,3.11 M,02/22/02,-0.15000000000000036,-1.1820330969267168
JWN,12.6900,13.0750,12.4250,12.6900,1.76 M,02/21/02,0.1399999999999988,1.115537848605568
JWN,12.5500,12.6400,12.2200,12.5500,999800,02/20/02,0.34500000000000064,2.8267103646046756
JWN,12.2050,12.4500,12.1550,12.2050,896000,02/19/02,-0.25,-2.0072260136491367
JWN,12.4550,13.0000,12.3900,12.4550,3.49 M,02/15/02,0.11999999999999922,0.9728415079043309
JWN,12.3350,12.6500,12.2500,12.3350,1.42 M,02/14/02,-0.3149999999999995,-2.4901185770750947
JWN,12.6500,12.6900,11.7550,12.6500,3.34 M,02/13/02,0.8399999999999999,7.1126164267569845
JWN,11.8100,11.8650,11.5400,11.8100,1.03 M,02/12/02,0.11000000000000121,0.9401709401709506
JWN,11.7000,11.8650,11.5000,11.7000,1.88 M,02/11/02,0.16999999999999993,1.4744145706851686
JWN,11.5300,11.7900,11.2200,11.5300,3.12 M,02/08/02,-0.2599999999999998,-2.2052586938083105
JWN,11.7900,12.2500,11.7850,11.7900,2.89 M,02/07/02,-0.245000000000001,-2.0357291233901202
JWN,12.0350,12.2750,11.9750,12.0350,830600,02/06/02,-0.125,-1.0279605263157894
JWN,12.1600,12.4000,12.1000,12.1600,1.08 M,02/05/02,-0.09999999999999964,-0.8156606851549727
JWN,12.2600,12.5300,12.2500,12.2600,1.35 M,02/04/02,-0.23000000000000043,-1.8414731785428375
JWN,12.4900,12.6350,12.4250,12.4900,1.18 M,02/01/02,-0.16000000000000014,-1.264822134387353
JWN,12.6500,12.6750,12.4250,12.6500,1.86 M,01/31/02,0.125,0.998003992015968
JWN,12.5250,12.6800,12.3600,12.5250,2.06 M,01/30/02,0.08500000000000085,0.6832797427652801
JWN,12.4400,12.7250,12.3500,12.4400,2.19 M,01/29/02,-0.11000000000000121,-0.876494023904392
JWN,12.5500,12.7500,12.0500,12.5500,3.48 M,01/28/02,0.5200000000000014,4.3225270157938604
JWN,12.0300,12.3550,11.9300,12.0300,2.19 M,01/25/02,-0.09500000000000064,-0.7835051546391806
JWN,12.1250,12.3700,11.5000,12.1250,5.29 M,01/24/02,1.0250000000000004,9.234234234234236
JWN,11.1000,11.1450,10.8350,11.1000,948400,01/23/02,0.20500000000000007,1.8815970628728782
JWN,10.8950,10.9750,10.7500,10.8950,764400,01/22/02,0.16000000000000014,1.4904517931998151
JWN,10.7350,10.7700,10.2800,10.7350,1.08 M,01/18/02,0.33000000000000007,3.171552138395003
JWN,10.4050,10.4250,10.2000,10.4050,711400,01/17/02,0.07499999999999929,0.7260406582768566
JWN,10.3300,10.4500,10.2200,10.3300,983200,01/16/02,-0.1349999999999998,-1.2900143334925924
JWN,10.4650,10.5850,10.4100,10.4650,944800,01/15/02,-0.02999999999999936,-0.2858504049547343
JWN,10.4950,10.7500,10.4650,10.4950,636600,01/14/02,-0.21000000000000085,-1.9617001401214464
JWN,10.7050,10.9900,10.7000,10.7050,747000,01/11/02,-0.2599999999999998,-2.3711810305517536
JWN,10.9650,11.1250,10.8100,10.9650,900600,01/10/02,0.16000000000000014,1.4807959278112
JWN,10.8050,11.4950,10.7500,10.8050,1.62 M,01/09/02,-0.3800000000000008,-3.3974072418417594
JWN,11.1850,11.5000,10.8400,11.1850,4.27 M,01/08/02,0.7800000000000011,7.496395963479108
JWN,10.4050,10.6500,10.2450,10.4050,946800,01/07/02,-0.120000000000001,-1.1401425178147362
JWN,10.5250,10.6250,10.3100,10.5250,1.11 M,01/04/02,0.22000000000000064,2.1348859776807436
JWN,10.3050,10.3950,10.0150,10.3050,992600,01/03/02,0.34999999999999964,3.515821195379203
JWN,9.9550,10.0750,9.8250,9.9550,1.20 M,01/02/02,-0.16000000000000014,-1.5818091942659431
JWN,10.1150,10.3500,10.1000,10.1150,1.34 M,12/31/01,-0.07000000000000028,-0.6872852233677004
JWN,10.1850,10.2000,9.8900,10.1850,717000,12/28/01,0.20000000000000107,2.003004506760151
JWN,9.9850,10.1750,9.8500,9.9850,645000,12/27/01,0.02999999999999936,0.3013561024610684
JWN,9.9550,10.2350,9.8600,9.9550,791000,12/26/01,0.1750000000000007,1.7893660531697415
JWN,9.7800,9.8150,9.5750,9.7800,391200,12/24/01,0.09499999999999886,0.9808982963345262
JWN,9.6850,9.7450,9.6000,9.6850,1.40 M,12/21/01,0.025000000000000355,0.2587991718426538
JWN,9.6600,9.7500,9.4200,9.6600,1.28 M,12/20/01,0.1899999999999995,2.0063357972544824
JWN,9.4700,9.4950,9.2100,9.4700,817600,12/19/01,0.005000000000000782,0.05282620179609912
JWN,9.4650,9.4900,9.3000,9.4650,567200,12/18/01,0.0649999999999995,0.6914893617021224
JWN,9.4000,9.4250,9.0750,9.4000,915200,12/17/01,0.08000000000000007,0.858369098712447
JWN,9.3200,9.4000,9.1250,9.3200,591400,12/14/01,0.03500000000000014,0.37695207323640434
JWN,9.2850,9.3650,9.1750,9.2850,767600,12/13/01,-0.1750000000000007,-1.8498942917547643
JWN,9.4600,9.5000,9.2600,9.4600,738200,12/12/01,-0.054999999999999716,-0.5780346820809218
JWN,9.5150,9.6250,9.4000,9.5150,1.07 M,12/11/01,-0.1399999999999988,-1.4500258933195111
JWN,9.6550,9.7150,9.5750,9.6550,869000,12/10/01,-0.06500000000000128,-0.6687242798354041
JWN,9.7200,9.7250,9.5700,9.7200,863800,12/07/01,-0.129999999999999,-1.3197969543147108
JWN,9.8500,9.9850,9.7000,9.8500,994600,12/06/01,-0.019999999999999574,-0.20263424518743237
JWN,9.8700,9.9200,9.4250,9.8700,1.19 M,12/05/01,0.40499999999999936,4.278922345483353
JWN,9.4650,9.4950,9.2300,9.4650,1.00 M,12/04/01,0.16000000000000014,1.7195056421278898
JWN,9.3050,9.4650,9.2250,9.3050,1.11 M,12/03/01,-0.16000000000000014,-1.6904384574749092
JWN,9.4650,9.6850,9.3500,9.4650,1.30 M,11/30/01,-0.08999999999999986,-0.9419152276295119
JWN,9.5550,9.7500,9.5100,9.5550,1.29 M,11/29/01,-0.17999999999999972,-1.8489984591679478
JWN,9.7350,9.8800,9.7000,9.7350,1.76 M,11/28/01,-0.27000000000000135,-2.698650674662682
JWN,10.0050,10.1200,9.8050,10.0050,1.01 M,11/27/01,-0.02999999999999936,-0.29895366218235536
JWN,10.0350,10.0750,9.7500,10.0350,1.87 M,11/26/01,-0.08000000000000007,-0.7909045971329716
JWN,10.1150,10.4400,10.0950,10.1150,813000,11/23/01,0.07000000000000028,0.6968641114982607
JWN,10.0450,10.2400,9.9500,10.0450,1.22 M,11/21/01,-0.03500000000000014,-0.34722222222222365
JWN,10.0800,10.3400,10.0250,10.0800,1.44 M,11/20/01,0.040000000000000924,0.3984063745020013
JWN,10.0400,10.4000,9.9750,10.0400,1.93 M,11/19/01,0.11499999999999844,1.1586901763224022
JWN,9.9250,10.7000,9.8050,9.9250,7.85 M,11/16/01,1.0150000000000006,11.391694725028065
JWN,8.9100,9.2000,8.6450,8.9100,2.32 M,11/15/01,0.23000000000000043,2.6497695852534613
JWN,8.6800,8.6900,8.2000,8.6800,1.40 M,11/14/01,0.5399999999999991,6.633906633906623
JWN,8.1400,8.2000,7.9000,8.1400,446000,11/13/01,0.2900000000000009,3.694267515923579
JWN,7.8500,8.0150,7.6000,7.8500,346600,11/12/01,-0.03500000000000014,-0.44388078630310895
JWN,7.8850,7.9500,7.7050,7.8850,275200,11/09/01,0.0649999999999995,0.8312020460357993
JWN,7.8200,8.3400,7.7950,7.8200,1.05 M,11/08/01,-0.16999999999999993,-2.127659574468084
JWN,7.9900,8.0150,7.6750,7.9900,1.01 M,11/07/01,0.10000000000000053,1.2674271229404377
JWN,7.8900,7.9400,7.5000,7.8900,540200,11/06/01,0.1349999999999998,1.7408123791102488
JWN,7.7550,7.7650,7.3550,7.7550,927800,11/05/01,0.4299999999999997,5.870307167235491
JWN,7.3250,7.5000,7.1250,7.3250,628000,11/02/01,0.025000000000000355,0.3424657534246624
JWN,7.3000,7.3250,7.1500,7.3000,719200,11/01/01,0.25,3.546099290780142
JWN,7.0500,7.4450,7.0200,7.0500,1.15 M,10/31/01,0.0,0.0
JWN,7.0500,7.4250,7.0000,7.0500,831800,10/30/01,-0.40000000000000036,-5.369127516778528
JWN,7.4500,7.7550,7.4250,7.4500,520800,10/29/01,-0.3199999999999994,-4.1184041184041105
JWN,7.7700,7.7850,7.4000,7.7700,1.01 M,10/26/01,0.27999999999999936,3.7383177570093373
JWN,7.4900,7.5950,7.1100,7.4900,829800,10/25/01,0.1900000000000004,2.6027397260274028
JWN,7.3000,7.5000,7.3000,7.3000,737000,10/24/01,-0.1800000000000006,-2.406417112299473
JWN,7.4800,7.8000,7.3750,7.4800,1.60 M,10/23/01,-0.09499999999999975,-1.2541254125412509
JWN,7.5750,7.8400,7.5500,7.5750,1.28 M,10/22/01,-0.2649999999999997,-3.3801020408163227
JWN,7.8400,7.9000,7.3550,7.8400,971000,10/19/01,0.33999999999999986,4.533333333333331
JWN,7.5000,7.7000,7.4550,7.5000,629800,10/18/01,-0.14499999999999957,-1.8966644865925386
JWN,7.6450,8.1100,7.6450,7.6450,1.27 M,10/17/01,-0.4400000000000013,-5.442176870748314
JWN,8.0850,8.1000,7.9550,8.0850,489800,10/16/01,0.1750000000000007,2.212389380530982
JWN,7.9100,7.9500,7.7900,7.9100,501000,10/15/01,-0.024999999999999467,-0.31505986137365427
JWN,7.9350,8.1200,7.8250,7.9350,630000,10/12/01,-0.2450000000000001,-2.995110024449879
JWN,8.1800,8.3750,7.8500,8.1800,1.80 M,10/11/01,0.2649999999999997,3.348073278584961
JWN,7.9150,7.9500,7.2500,7.9150,3.30 M,10/10/01,0.33000000000000007,4.350692155570205
JWN,7.5850,7.8000,7.5250,7.5850,1.08 M,10/09/01,-0.14500000000000046,-1.8758085381630072
JWN,7.7300,7.8000,7.6400,7.7300,667200,10/08/01,-0.2599999999999998,-3.254067584480598
JWN,7.9900,8.0700,7.6400,7.9900,807200,10/05/01,0.15500000000000025,1.9783024888321665
JWN,7.8350,8.0595,7.6000,7.8350,1.56 M,10/04/01,0.17499999999999982,2.284595300261094
JWN,7.6600,7.9450,7.4300,7.6600,1.69 M,10/03/01,0.16999999999999993,2.26969292389853
JWN,7.4900,7.5500,7.1250,7.4900,1.23 M,10/02/01,0.3650000000000002,5.122807017543862
JWN,7.1250,7.2300,6.9600,7.1250,2.01 M,10/01/01,-0.09999999999999964,-1.3840830449826942
JWN,7.2250,7.4500,7.0900,7.2250,2.72 M,09/28/01,0.009999999999999787,0.13860013860013565
JWN,7.2150,7.3700,6.9000,7.2150,1.80 M,09/27/01,-0.25,-3.348961821835231
JWN,7.4650,8.0000,7.2250,7.4650,2.84 M,09/26/01,-0.5350000000000001,-6.687500000000002
JWN,8.0000,8.4800,7.8400,8.0000,1.75 M,09/25/01,-0.09999999999999964,-1.2345679012345636
JWN,8.1000,8.1050,7.5750,8.1000,1.45 M,09/24/01,0.6699999999999999,9.01749663526245
JWN,7.4300,7.5500,7.1800,7.4300,1.29 M,09/21/01,-0.004999999999999893,-0.06724949562878135
JWN,7.4350,7.8250,7.4000,7.4350,1.23 M,09/20/01,-0.39500000000000046,-5.044699872286085
JWN,7.8300,8.0500,7.6350,7.8300,1.53 M,09/19/01,-0.1999999999999993,-2.4906600249065916
JWN,8.0300,8.2000,7.8900,8.0300,1.28 M,09/18/01,-0.13000000000000078,-1.5931372549019704
JWN,8.1600,9.2100,8.1600,8.1600,1.40 M,09/17/01,-1.3499999999999996,-14.195583596214508
JWN,9.5100,9.5400,9.3900,9.5100,1.05 M,09/10/01,-0.0649999999999995,-0.6788511749347207
JWN,9.5750,9.7900,9.4000,9.5750,1.29 M,09/07/01,-0.33999999999999986,-3.4291477559253645
JWN,9.9150,10.2000,9.8100,9.9150,925600,09/06/01,-0.3150000000000013,-3.079178885630511
JWN,10.2300,10.3750,10.0250,10.2300,1.29 M,09/05/01,-0.14499999999999957,-1.397590361445779
JWN,10.3750,10.5000,10.0250,10.3750,1.59 M,09/04/01,0.34999999999999964,3.491271820448874
JWN,10.0250,10.0250,9.5250,10.0250,1.04 M,08/31/01,0.5250000000000004,5.526315789473688
JWN,9.5000,9.9250,9.5000,9.5000,630000,08/30/01,-0.40499999999999936,-4.088844018172634
JWN,9.9050,10.0000,9.7625,9.9050,415800,08/29/01,-0.07000000000000028,-0.7017543859649151
JWN,9.9750,10.1350,9.9000,9.9750,342200,08/28/01,-0.21000000000000085,-2.061855670103101
JWN,10.1850,10.5000,10.1550,10.1850,360600,08/27/01,-0.2649999999999988,-2.5358851674641034
JWN,10.4500,10.4500,9.8000,10.4500,818800,08/24/01,0.5350000000000001,5.395864851235504
JWN,9.9150,10.1500,9.8050,9.9150,861600,08/23/01,-0.1700000000000017,-1.685671789786829
JWN,10.0850,10.1250,10.0000,10.0850,822200,08/22/01,0.08500000000000085,0.8500000000000085
JWN,10.0000,10.5000,9.9950,10.0000,1.58 M,08/21/01,-0.5,-4.761904761904762
JWN,10.5000,10.5500,10.3700,10.5000,638000,08/20/01,0.08500000000000085,0.8161305808929511
JWN,10.4150,10.7500,10.4000,10.4150,1.05 M,08/17/01,-0.28500000000000014,-2.66355140186916
JWN,10.7000,10.7300,10.5250,10.7000,987400,08/16/01,-0.07000000000000028,-0.6499535747446638
JWN,10.7700,10.8500,10.6000,10.7700,430600,08/15/01,0.15499999999999936,1.460197833254822
JWN,10.6150,10.7650,10.5500,10.6150,616200,08/14/01,-0.009999999999999787,-0.09411764705882153
JWN,10.6250,10.7150,10.5050,10.6250,500600,08/13/01,0.025000000000000355,0.23584905660377695
JWN,10.6000,10.7050,10.4750,10.6000,939600,08/10/01,-0.09999999999999964,-0.9345794392523332
JWN,10.7000,10.9100,10.6500,10.7000,699800,08/09/01,-0.10000000000000142,-0.925925925925939
JWN,10.8000,11.2250,10.7500,10.8000,1.31 M,08/08/01,-0.14999999999999858,-1.3698630136986172
JWN,10.9500,11.1500,10.7900,10.9500,2.08 M,08/07/01,-0.2400000000000002,-2.1447721179624684
JWN,11.1900,11.4850,11.1600,11.1900,1.34 M,08/06/01,-0.28000000000000114,-2.441150828247612
JWN,11.4700,11.4700,11.1700,11.4700,1.14 M,08/03/01,0.1850000000000005,1.6393442622950865
JWN,11.2850,11.3250,11.0000,11.2850,702000,08/02/01,0.120000000000001,1.0747872816838424
JWN,11.1650,11.3000,11.0350,11.1650,752400,08/01/01,-0.08500000000000085,-0.7555555555555631
JWN,11.2500,11.3750,10.8800,11.2500,791600,07/31/01,0.28999999999999915,2.645985401459846
JWN,10.9600,10.9750,10.6000,10.9600,621400,07/30/01,0.13000000000000078,1.200369344413673
JWN,10.8300,10.9050,10.5950,10.8300,1.15 M,07/27/01,0.02999999999999936,0.27777777777777185
JWN,10.8000,11.3500,10.7350,10.8000,1.99 M,07/26/01,-0.4499999999999993,-3.999999999999994
JWN,11.2500,11.3050,10.8500,11.2500,3.10 M,07/25/01,0.39000000000000057,3.5911602209944804
JWN,10.8600,10.8600,10.4500,10.8600,1.83 M,07/24/01,0.27999999999999936,2.646502835538746
JWN,10.5800,10.6700,10.4100,10.5800,989600,07/23/01,0.0600000000000005,0.5703422053231987
JWN,10.5200,10.6000,10.1900,10.5200,1.60 M,07/20/01,0.28500000000000014,2.7845627747923807
JWN,10.2350,10.2500,9.8050,10.2350,1.55 M,07/19/01,0.25,2.5037556334501754
JWN,9.9850,9.9850,9.5750,9.9850,976000,07/18/01,0.35499999999999865,3.6863966770508685
JWN,9.6300,9.6750,9.5200,9.6300,472800,07/17/01,0.0,0.0
JWN,9.6300,9.7450,9.6000,9.6300,455000,07/16/01,0.005000000000000782,0.05194805194806007
JWN,9.6250,9.6250,9.2950,9.6250,776400,07/13/01,0.1850000000000005,1.9597457627118697
JWN,9.4400,9.4750,9.1650,9.4400,604400,07/12/01,0.33999999999999986,3.736263736263735
JWN,9.1000,9.1500,8.8500,9.1000,1.15 M,07/11/01,0.22499999999999964,2.53521126760563
JWN,8.8750,8.9700,8.7000,8.8750,1.36 M,07/10/01,0.27500000000000036,3.1976744186046555
JWN,8.6000,8.6250,8.5000,8.6000,837000,07/09/01,0.09999999999999964,1.17647058823529
JWN,8.5000,8.8350,8.5000,8.5000,1.10 M,07/06/01,-0.35999999999999943,-4.063205417607217
JWN,8.8600,8.9550,8.8000,8.8600,1.39 M,07/05/01,-0.1750000000000007,-1.9369120088544627
JWN,9.0350,9.1500,9.0000,9.0350,267200,07/03/01,-0.015000000000000568,-0.16574585635359743
JWN,9.0500,9.3250,9.0300,9.0500,534400,07/02/01,-0.22499999999999964,-2.4258760107816673
JWN,9.2750,9.4100,9.0000,9.2750,829800,06/29/01,0.20000000000000107,2.203856749311307
JWN,9.0750,9.0750,8.8500,9.0750,649000,06/28/01,0.20999999999999908,2.3688663282571807
JWN,8.8650,9.0400,8.8250,8.8650,343000,06/27/01,-0.129999999999999,-1.445247359644236
JWN,8.9950,9.0500,8.9000,8.9950,858400,06/26/01,-0.005000000000000782,-0.05555555555556424
JWN,9.0000,9.0500,8.9000,9.0000,873600,06/25/01,-0.0600000000000005,-0.6622516556291446
JWN,9.0600,9.1500,8.9450,9.0600,514200,06/22/01,-0.08999999999999986,-0.9836065573770476
JWN,9.1500,9.1800,8.9250,9.1500,722000,06/21/01,0.120000000000001,1.328903654485061
JWN,9.0300,9.0700,8.9850,9.0300,495000,06/20/01,0.049999999999998934,0.556792873051213
JWN,8.9800,9.1750,8.9250,8.9800,534600,06/19/01,-0.019999999999999574,-0.2222222222222175
JWN,9.0000,9.1250,8.8750,9.0000,456400,06/18/01,0.04499999999999993,0.5025125628140695
JWN,8.9550,8.9900,8.7750,8.9550,970600,06/15/01,-0.07000000000000028,-0.7756232686980641
JWN,9.0250,9.2250,9.0050,9.0250,277200,06/14/01,-0.17499999999999893,-1.9021739130434667
JWN,9.2000,9.2500,9.1750,9.2000,428200,06/13/01,0.004999999999999005,0.05437737901032088
JWN,9.1950,9.2500,9.0650,9.1950,481600,06/12/01,-0.02999999999999936,-0.3252032520325134
JWN,9.2250,9.2350,9.0800,9.2250,586000,06/11/01,0.04499999999999993,0.4901960784313718
JWN,9.1800,9.2250,9.0325,9.1800,260400,06/08/01,0.15000000000000036,1.6611295681063163
JWN,9.0300,9.1750,8.9500,9.0300,506800,06/07/01,-0.15000000000000036,-1.6339869281045791
JWN,9.1800,9.2500,9.1000,9.1800,323600,06/06/01,-0.04499999999999993,-0.48780487804877976
JWN,9.2250,9.2250,8.9150,9.2250,668000,06/05/01,0.254999999999999,2.8428093645484838
JWN,8.9700,9.0750,8.8550,8.9700,512600,06/04/01,-0.08000000000000007,-0.8839779005524869
JWN,9.0500,9.2650,9.0250,9.0500,525400,06/01/01,-0.21499999999999986,-2.3205612520237437
JWN,9.2650,9.3000,9.1450,9.2650,544600,05/31/01,0.06500000000000128,0.7065217391304487
JWN,9.2000,9.3000,9.2000,9.2000,770400,05/30/01,-0.125,-1.3404825737265416
JWN,9.3250,9.3650,9.2550,9.3250,789800,05/29/01,0.049999999999998934,0.539083557951471
JWN,9.2750,9.3050,9.0500,9.2750,817600,05/25/01,-0.004999999999999005,-0.05387931034481687
JWN,9.2800,9.3250,9.2150,9.2800,1.05 M,05/24/01,0.08499999999999908,0.9244154431756288
JWN,9.1950,9.5400,9.0450,9.1950,870400,05/23/01,-0.33999999999999986,-3.5658101730466685
JWN,9.5350,9.5950,9.4500,9.5350,1.28 M,05/22/01,0.0600000000000005,0.6332453825857572
JWN,9.4750,9.4950,9.1750,9.4750,1.26 M,05/21/01,0.16000000000000014,1.717659688674183
JWN,9.3150,9.3450,9.0800,9.3150,919000,05/18/01,0.03999999999999915,0.4312668463611768
JWN,9.2750,9.2900,9.0500,9.2750,856200,05/17/01,0.17999999999999972,1.9791094007696504
JWN,9.0950,9.1250,8.8900,9.0950,1.18 M,05/16/01,0.11000000000000121,1.224262659988884
JWN,8.9850,9.0300,8.9250,8.9850,839400,05/15/01,-0.015000000000000568,-0.16666666666667299
JWN,9.0000,9.1000,8.9000,9.0000,926200,05/14/01,-0.15000000000000036,-1.6393442622950858
JWN,9.1500,9.2500,9.0700,9.1500,548800,05/11/01,0.0,0.0
JWN,9.1500,9.3600,9.0250,9.1500,947200,05/10/01,0.1899999999999995,2.1205357142857086
JWN,8.9600,9.0500,8.8550,8.9600,355000,05/09/01,-0.03999999999999915,-0.444444444444435
JWN,9.0000,9.2500,8.9250,9.0000,626400,05/08/01,-0.13000000000000078,-1.4238773274917937
JWN,9.1300,9.2750,9.0000,9.1300,1.17 M,05/07/01,-0.2699999999999996,-2.87234042553191
JWN,9.4000,9.4200,9.0100,9.4000,680600,05/04/01,0.1750000000000007,1.8970189701897098
JWN,9.2250,9.3250,9.1750,9.2250,701400,05/03/01,-0.07500000000000107,-0.8064516129032372
JWN,9.3000,9.3250,9.1750,9.3000,609600,05/02/01,0.07000000000000028,0.7583965330444234
JWN,9.2300,9.2300,9.1150,9.2300,392400,05/01/01,0.03500000000000014,0.38064165307232345
JWN,9.1950,9.2250,8.9500,9.1950,698200,04/30/01,0.10500000000000043,1.1551155115511598
JWN,9.0900,9.1400,8.8500,9.0900,1.30 M,04/27/01,0.3149999999999995,3.589743589743584
JWN,8.7750,8.7900,8.4500,8.7750,1.07 M,04/26/01,0.2599999999999998,3.053435114503814
JWN,8.5150,8.6000,8.4500,8.5150,744800,04/25/01,-0.07000000000000028,-0.8153756552125833
JWN,8.5850,8.9000,8.2900,8.5850,2.18 M,04/24/01,-0.3249999999999993,-3.6475869809203063
JWN,8.9100,9.0200,8.6250,8.9100,875800,04/23/01,0.17999999999999972,2.0618556701030895
JWN,8.7300,8.9250,8.6000,8.7300,1.11 M,04/20/01,-0.23000000000000043,-2.56696428571429
JWN,8.9600,8.9650,8.7300,8.9600,687400,04/19/01,0.11000000000000121,1.2429378531073583
JWN,8.8500,8.9950,8.3750,8.8500,1.14 M,04/18/01,0.5749999999999993,6.948640483383677
JWN,8.2750,8.3950,8.1950,8.2750,560000,04/17/01,0.07500000000000107,0.9146341463414764
JWN,8.2000,8.3600,8.0700,8.2000,618800,04/16/01,-0.09500000000000064,-1.1452682338758364
JWN,8.2950,8.4450,8.1250,8.2950,843200,04/12/01,-0.15499999999999936,-1.8343195266272114
JWN,8.4500,8.6750,8.3500,8.4500,1.22 M,04/11/01,-0.1750000000000007,-2.028985507246385
JWN,8.6250,8.7250,8.4050,8.6250,699200,04/10/01,0.1850000000000005,2.1919431279620913
JWN,8.4400,8.5500,8.3925,8.4400,1.12 M,04/09/01,0.129999999999999,1.5643802647412635
JWN,8.3100,8.4250,8.0600,8.3100,884600,04/06/01,-0.09499999999999886,-1.1302795954788682
JWN,8.4050,8.4250,8.0000,8.4050,1.02 M,04/05/01,0.3949999999999996,4.931335830212229
JWN,8.0100,8.1500,7.9500,8.0100,622200,04/04/01,0.08000000000000007,1.008827238335436
JWN,7.9300,8.3750,7.8850,7.9300,834800,04/03/01,-0.3000000000000007,-3.6452004860267397
JWN,8.2300,8.3450,8.1250,8.2300,842000,04/02/01,0.08999999999999986,1.1056511056511038
JWN,8.1400,8.2150,8.0000,8.1400,1.05 M,03/30/01,-0.03500000000000014,-0.4281345565749253
JWN,8.1750,8.2250,7.8800,8.1750,728800,03/29/01,0.14500000000000135,1.8057285180573022
JWN,8.0300,8.1300,7.8000,8.0300,830800,03/28/01,-0.09500000000000064,-1.169230769230777
JWN,8.1250,8.2150,7.9000,8.1250,2.15 M,03/27/01,-0.08500000000000085,-1.0353227771011064
JWN,8.2100,8.3700,8.0750,8.2100,1.08 M,03/26/01,0.010000000000001563,0.1219512195122142
JWN,8.2000,8.4000,8.0550,8.2000,1.26 M,03/23/01,0.049999999999998934,0.6134969325153243
JWN,8.1500,8.5250,8.0500,8.1500,1.69 M,03/22/01,-0.47499999999999964,-5.50724637681159
JWN,8.6250,8.8600,8.6250,8.6250,797400,03/21/01,-0.23499999999999943,-2.6523702031602645
JWN,8.8600,9.0200,8.7700,8.8600,1.13 M,03/20/01,0.15499999999999936,1.780585870189539
JWN,8.7050,8.7800,8.6250,8.7050,830600,03/19/01,0.21000000000000085,2.472042377869345
JWN,8.4950,8.8750,8.4750,8.4950,2.06 M,03/16/01,-0.3800000000000008,-4.281690140845079
JWN,8.8750,9.0000,8.3750,8.8750,1.24 M,03/15/01,0.3000000000000007,3.4985422740524865
JWN,8.5750,8.6250,8.3750,8.5750,727400,03/14/01,-0.08000000000000007,-0.924321201617563
JWN,8.6550,8.7750,8.5150,8.6550,897000,03/13/01,-0.1750000000000007,-1.9818799546998949
JWN,8.8300,9.1500,8.8250,8.8300,625200,03/12/01,-0.3149999999999995,-3.444505194095129
JWN,9.1450,9.1850,9.0500,9.1450,668800,03/09/01,-0.03500000000000014,-0.3812636165577358
JWN,9.1800,9.1950,9.0650,9.1800,1.02 M,03/08/01,0.07499999999999929,0.8237232289950498
JWN,9.1050,9.1250,8.9150,9.1050,1.38 M,03/07/01,0.14000000000000057,1.5616285554935925
JWN,8.9650,9.0000,8.8250,8.9650,1.43 M,03/06/01,0.09500000000000064,1.0710259301014728
JWN,8.8700,9.0500,8.8000,8.8700,1.00 M,03/05/01,-0.005000000000000782,-0.05633802816902289
JWN,8.8750,8.8750,8.6300,8.8750,779800,03/02/01,-0.08999999999999986,-1.0039040713887324
JWN,8.9650,9.2300,8.8750,8.9650,1.72 M,03/01/01,-0.2599999999999998,-2.818428184281841
JWN,9.2250,9.5500,8.9950,9.2250,1.85 M,02/28/01,-0.27500000000000036,-2.894736842105267
JWN,9.5000,9.5900,9.3750,9.5000,992600,02/27/01,-0.08000000000000007,-0.835073068893529
JWN,9.5800,9.6750,9.4500,9.5800,1.15 M,02/26/01,0.13000000000000078,1.375661375661384
JWN,9.4500,9.6500,9.0500,9.4500,1.20 M,02/23/01,-0.005000000000000782,-0.052882072977268976
JWN,9.4550,9.7350,9.0250,9.4550,2.31 M,02/22/01,-0.27999999999999936,-2.8762198253723614
JWN,9.7350,10.4250,9.7200,9.7350,1.80 M,02/21/01,-0.7949999999999999,-7.54985754985755
JWN,10.5300,10.5850,10.1000,10.5300,1.34 M,02/20/01,0.2749999999999986,2.6816187225743398
JWN,10.2550,10.3750,10.0000,10.2550,1.30 M,02/16/01,0.16500000000000092,1.6352824578790974
JWN,10.0900,10.0900,9.6000,10.0900,982800,02/15/01,0.33999999999999986,3.487179487179486
JWN,9.7500,9.8050,9.5300,9.7500,917200,02/14/01,0.0649999999999995,0.6711409395973102
JWN,9.6850,9.7500,9.5050,9.6850,485600,02/13/01,0.08500000000000085,0.8854166666666756
JWN,9.6000,9.7000,9.2550,9.6000,1.39 M,02/12/01,0.4299999999999997,4.689203925845145
JWN,9.1700,9.7350,9.1300,9.1700,727000,02/09/01,-0.3249999999999993,-3.4228541337546003
JWN,9.4950,10.1150,9.3000,9.4950,1.33 M,02/08/01,-0.5950000000000006,-5.896927651139749
JWN,10.0900,10.2200,9.7450,10.0900,531000,02/07/01,0.34500000000000064,3.540277065161628
JWN,9.7450,10.0200,9.6900,9.7450,656400,02/06/01,0.08499999999999908,0.8799171842650008
JWN,9.6600,10.1250,9.6550,9.6600,1.02 M,02/05/01,-0.3200000000000003,-3.2064128256513054
JWN,9.9800,10.1900,9.9500,9.9800,1.64 M,02/02/01,-0.19500000000000028,-1.9164619164619192
JWN,10.1750,10.2500,10.0100,10.1750,2.25 M,02/01/01,-0.019999999999999574,-0.19617459538989282
JWN,10.1950,10.5000,9.6500,10.1950,1.53 M,01/31/01,0.4250000000000007,4.350051177072679
JWN,9.7700,10.0000,9.5750,9.7700,613600,01/30/01,-0.030000000000001137,-0.3061224489796034
JWN,9.8000,9.8250,9.2750,9.8000,491000,01/29/01,0.2687000000000008,2.8191327520904896
JWN,9.5313,9.6875,9.4375,9.5313,474800,01/26/01,0.031299999999999883,0.3294736842105251
JWN,9.5000,9.8438,9.1250,9.5000,1.19 M,01/25/01,0.25,2.7027027027027026
JWN,9.2500,9.3125,9.0625,9.2500,614400,01/24/01,0.031200000000000117,0.338438842365602
JWN,9.2188,9.2500,9.1250,9.2188,536200,01/23/01,0.0,0.0
JWN,9.2188,9.2813,8.5625,9.2188,832400,01/22/01,0.4687999999999999,5.357714285714285
JWN,8.7500,8.9688,8.5938,8.7500,691200,01/19/01,-0.2812999999999999,-3.114723240286558
JWN,9.0313,9.3125,9.0313,9.0313,646200,01/18/01,-0.375,-3.9866897717487215
JWN,9.4063,9.4375,9.2188,9.4063,427200,01/17/01,0.031299999999999883,0.3338666666666654
JWN,9.3750,9.4375,9.0938,9.3750,961800,01/16/01,-0.0625,-0.6622516556291391
JWN,9.4375,9.4375,9.0938,9.4375,393200,01/12/01,0.25,2.7210884353741496
JWN,9.1875,9.4375,9.0938,9.1875,692600,01/11/01,-0.0625,-0.6756756756756757
JWN,9.2500,9.4063,9.0625,9.2500,381400,01/10/01,-0.0625,-0.6711409395973155
JWN,9.3125,9.4063,9.2500,9.3125,492800,01/09/01,0.031200000000000117,0.3361598051997039
JWN,9.2813,9.3750,9.0000,9.2813,1.47 M,01/08/01,-0.15620000000000012,-1.6550993377483456
JWN,9.4375,9.7500,9.2813,9.4375,1.82 M,01/05/01,-0.75,-7.361963190184049
JWN,10.1875,10.4375,9.4375,10.1875,1.47 M,01/04/01,0.3125,3.1645569620253164
JWN,9.8750,9.8750,9.0625,9.8750,1.62 M,01/03/01,0.7187000000000001,7.849240413704226
JWN,9.1563,9.5313,9.0625,9.1563,1.00 M,01/02/01,0.0625,0.6872814445006488
JWN,9.0938,9.3438,9.0313,9.0938,644600,12/29/00,-0.2812000000000001,-2.999466666666668
JWN,9.3750,9.6875,8.9375,9.3750,1.20 M,12/28/00,0.21870000000000012,2.3885193800989497
JWN,9.1563,9.1875,8.0313,9.1563,1.71 M,12/27/00,1.0,12.260461238551795
JWN,8.1563,8.3125,7.9688,8.1563,569600,12/26/00,-0.1875,-2.247177545003476
JWN,8.3438,8.4063,7.8125,8.3438,859600,12/22/00,0.4062999999999999,5.118740157480313
JWN,7.9375,8.1875,7.4375,7.9375,998400,12/21/00,0.031200000000000117,0.3946220102955885
JWN,7.9063,7.9375,7.5000,7.9063,806800,12/20/00,0.1875,2.4291340622894753
JWN,7.7188,8.1563,7.6875,7.7188,755400,12/19/00,-0.375,-4.633176011267884
JWN,8.0938,8.1875,7.9063,8.0938,1.00 M,12/18/00,0.2812999999999999,3.6006399999999985
JWN,7.8125,8.0625,7.6250,7.8125,1.34 M,12/15/00,0.0,0.0
JWN,7.8125,8.0313,7.7500,7.8125,523400,12/14/00,-0.2812999999999999,-3.475499765252414
JWN,8.0938,8.3125,7.9063,8.0938,491800,12/13/00,-0.1875,-2.2641372731334455
JWN,8.2813,8.3750,7.9688,8.2813,1.46 M,12/12/00,0.15629999999999988,1.9236923076923063
JWN,8.1250,8.4063,8.0000,8.1250,647600,12/11/00,-0.21879999999999988,-2.622306383182721
JWN,8.3438,8.4063,8.1875,8.3438,782800,12/08/00,0.125,1.520903294884898
JWN,8.2188,8.2813,8.0000,8.2188,616000,12/07/00,-0.15620000000000012,-1.865074626865673
JWN,8.3750,8.7813,8.2813,8.3750,778600,12/06/00,-0.09379999999999988,-1.1075949367088593
JWN,8.4688,8.8125,8.3125,8.4688,1.30 M,12/05/00,-0.09370000000000012,-1.0943065693430671
JWN,8.5625,8.5938,7.9063,8.5625,1.76 M,12/04/00,0.5625,7.03125
JWN,8.0000,8.1563,7.9063,8.0000,476200,12/01/00,-0.031299999999999883,-0.3897252001543945
JWN,8.0313,8.1250,7.7500,8.0313,1.36 M,11/30/00,-0.09370000000000012,-1.1532307692307706
JWN,8.1250,8.1875,7.9375,8.1250,943800,11/29/00,-0.0625,-0.7633587786259542
JWN,8.1875,8.2188,8.0000,8.1875,1.10 M,11/28/00,-0.0625,-0.7575757575757576
JWN,8.2500,8.6250,8.0000,8.2500,978400,11/27/00,0.375,4.761904761904762
JWN,7.8750,7.9375,7.8438,7.8750,304000,11/24/00,0.09370000000000012,1.20416896919538
JWN,7.7813,8.0625,7.7500,7.7813,1.05 M,11/22/00,-0.25,-3.1128210874951754
JWN,8.0313,8.4688,7.9375,8.0313,1.11 M,11/21/00,-0.4062000000000001,-4.814222222222224
JWN,8.4375,8.6875,8.2500,8.4375,603000,11/20/00,-0.25,-2.8776978417266186
JWN,8.6875,8.7813,8.5000,8.6875,651200,11/17/00,0.0625,0.7246376811594203
JWN,8.6250,8.7500,8.3750,8.6250,1.78 M,11/16/00,-0.4375,-4.827586206896552
JWN,9.0625,9.1250,8.6875,9.0625,752200,11/15/00,-0.09379999999999988,-1.0244312659043489
JWN,9.1563,9.4063,8.9375,9.1563,738000,11/14/00,0.21879999999999988,2.4481118881118866
JWN,8.9375,9.0938,8.6563,8.9375,713000,11/13/00,0.125,1.4184397163120568
JWN,8.8125,9.2188,8.5625,8.8125,970600,11/10/00,-0.4062999999999999,-4.407298129908447
JWN,9.2188,9.2813,8.7500,9.2188,1.25 M,11/09/00,-0.2812000000000001,-2.9600000000000013
JWN,9.5000,9.5625,9.0000,9.5000,1.92 M,11/08/00,0.3437000000000001,3.7536996385002688
JWN,9.1563,9.1875,8.9688,9.1563,1.76 M,11/07/00,0.25,2.8070017852531355
JWN,8.9063,9.0313,8.4063,8.9063,1.95 M,11/06/00,0.4687999999999999,5.5561481481481465
JWN,8.4375,8.6875,8.2500,8.4375,887200,11/03/00,-0.15629999999999988,-1.8187530545276813
JWN,8.5938,8.7500,8.0000,8.5938,2.03 M,11/02/00,0.5312999999999999,6.589767441860464
JWN,8.0625,8.1563,7.9375,8.0625,437400,11/01/00,-0.15629999999999988,-1.9017374799240752
JWN,8.2188,8.3125,7.7813,8.2188,1.47 M,10/31/00,0.3125,3.9525441736336844
JWN,7.9063,8.0000,7.5313,7.9063,697800,10/30/00,0.4062999999999999,5.417333333333332
JWN,7.5000,7.6250,7.3750,7.5000,497800,10/27/00,0.15620000000000012,2.1269642419455885
JWN,7.3438,7.5625,7.2813,7.3438,457800,10/26/00,-0.125,-1.6736289631533847
JWN,7.4688,7.7500,7.3750,7.4688,571400,10/25/00,-0.15620000000000012,-2.048524590163936
JWN,7.6250,7.8438,7.4688,7.6250,709600,10/24/00,0.125,1.6666666666666667
JWN,7.5000,7.7813,7.4375,7.5000,520600,10/23/00,-0.0625,-0.8264462809917356
JWN,7.5625,7.8750,7.4375,7.5625,623200,10/20/00,-0.25,-3.2
JWN,7.8125,7.9375,7.2813,7.8125,1.39 M,10/19/00,0.375,5.042016806722689
JWN,7.4375,7.5313,7.2500,7.4375,854000,10/18/00,-0.125,-1.6528925619834711
JWN,7.5625,7.7500,7.4688,7.5625,868600,10/17/00,-0.25,-3.2
JWN,7.8125,7.8750,7.4375,7.8125,1.07 M,10/16/00,0.375,5.042016806722689
JWN,7.4375,7.5625,7.0625,7.4375,1.48 M,10/13/00,0.2812000000000001,3.9294048600533813
JWN,7.1563,7.4063,7.1250,7.1563,930000,10/12/00,-0.15620000000000012,-2.1360683760683776
JWN,7.3125,7.8438,7.2500,7.3125,2.11 M,10/11/00,-0.5312999999999999,-6.773502639027001
JWN,7.8438,8.0000,7.5000,7.8438,1.17 M,10/10/00,0.0,0.0
JWN,7.8438,8.0313,7.5313,7.8438,844200,10/09/00,0.4375,5.907133116400902
JWN,7.4063,8.1563,7.3438,7.4063,1.81 M,10/06/00,-0.7812000000000001,-9.541374045801527
JWN,8.1875,8.5313,7.7813,8.1875,2.84 M,10/05/00,0.5937000000000001,7.8182201269456675
JWN,7.5938,7.9063,7.2813,7.5938,931400,10/04/00,0.125,1.6736289631533847
JWN,7.4688,7.6250,7.3125,7.4688,833600,10/03/00,0.031299999999999883,0.4208403361344522
JWN,7.4375,7.7500,7.4375,7.4375,978800,10/02/00,-0.3437999999999999,-4.418284862426585
JWN,7.7813,8.0000,7.5000,7.7813,1.56 M,09/29/00,0.21879999999999988,2.8932231404958664
JWN,7.5625,7.7188,7.4375,7.5625,928400,09/28/00,0.125,1.680672268907563
JWN,7.4375,7.5938,7.3125,7.4375,1.07 M,09/27/00,-0.0625,-0.8333333333333334
JWN,7.5000,7.7500,7.3750,7.5000,1.38 M,09/26/00,-0.3125,-4.0
JWN,7.8125,8.1250,7.8125,7.8125,993000,09/25/00,-0.25,-3.10077519379845